temp_num temp_an error time
0.0 0.0 0.0 0.0
0.03436898647251496 0.03378508138066877 0.000583905091846193 0.15074459999999998
0.06755674571388226 0.0664287310374391 0.001128014676443162 0.30148919999999996
0.09960387530682965 0.09796951233399341 0.0016343629728362424 0.45223379999999996
0.1305495775363147 0.1284446857676346 0.0021048917686800894 0.6029783999999999
0.16043170734449178 0.15789025298672982 0.0025414543577619575 0.7537229999999999
0.18928681863752217 0.186340999321028 0.0029458193164941804 0.9044675999999999
0.2171502090008596 0.2138305348750805 0.003319674125779104 1.0552122
0.24405596287772027 0.2403913342333226 0.003664628644397677 1.2059567999999998
0.27003699326355446 0.2660547748237116 0.003982218439842866 1.3567014
0.2951250819675158 0.2908511739852463 0.004273907982269509 1.5074459999999998
0.3193509184901893 0.3148098247831604 0.0045410937070289314 1.6581905999999997
0.3427441375651301 0.33795903061409605 0.004785106951034068 1.8089351999999999
0.36533335541013573 0.3603261386421355 0.0050072167680002555 1.9596797999999997
0.387146204732602 0.38193757210519835 0.00520863262740362 2.1104244
0.40820936853177725 0.40281886152995866 0.00539050700181859 2.2611689999999998
0.42854861273926986 0.42299467489217024 0.0055539378470996215 2.4119135999999997
0.44818881773773456 0.4424888467580172 0.0056999709797173614 2.5626581999999996
0.4671540087962887 0.46132440644092865 0.005829602355360064 2.7134028
0.48546738545990364 0.47952360520710274 0.005943780252800901 2.8641474
0.5031513499287007 0.49710794256189844 0.006043407366802256 3.0148919999999997
0.5202275344618886 0.5140981916481371 0.006129342813751548 3.1656365999999996
0.5367168278398537 0.5305144237863192 0.00620240405353456 3.3163811999999995
0.55263940091677 0.5463760321857489 0.006263368731021068 3.4671258
0.5680147312949976 0.5617017548545755 0.006312976440422058 3.6178703999999997
0.5828616271514454 0.5765096967358181 0.006351930415627316 3.7686149999999996
0.5971982502450441 0.5908173510955226 0.006380899149521557 3.9193595999999995
0.6110421381334777 0.6046416201883176 0.006400517945160167 4.070104199999999
0.6244102256263466 0.6179988352247847 0.006411390401561912 4.2208488
0.6373188655010097 0.6309047756642258 0.006414089836783932 4.371593399999999
0.6497838485064414 0.6433746878556258 0.0064091606508156485 4.5223379999999995
0.6618204226795796 0.6554233030488297 0.006397119630749959 4.6730826
0.673443311997786 0.6670648547972076 0.006378457200578391 4.823827199999999
0.6846667343902436 0.6783130957723688 0.006353638617874857 4.9745718
0.6955044191303194 0.6891813140107945 0.00632310511952483 5.125316399999999
0.7059696236301705 0.6996823486115727 0.0062872750185977155 5.2760609999999994
0.7160751496581338 0.7098286049037824 0.00624654475435138 5.4268056
0.7258333589987445 0.7196320691014501 0.006201289897294404 5.577550199999999
0.735256188574532 0.729104322463387 0.0061518661111450434 5.7282948
0.7443551650480958 0.7382565549746335 0.006098610073462352 5.879039399999999
0.7531414189223267 0.7470995785656726 0.006041840356654116 6.029783999999999
0.7616256981560093 0.7556438398850367 0.00598185827097264 6.1805286
0.7698183813114804 0.7638994326403883 0.005918948671092106 6.331273199999999
0.7777294902504082 0.7718761095226546 0.005853380727753543 6.4820177999999995
0.785368702393231 0.7795832937273065 0.005785408665924474 6.632762399999999
0.7927453625572559 0.787030090086389 0.0057152724708668945 6.783506999999999
0.7998684943878913 0.7942252958244547 0.005643198563436647 6.9342516
0.8067468113969983 0.8011774109511088 0.005569400445889494 7.084996199999999
0.813388727621865 0.8078946483024413 0.005494079319423695 7.235740799999999
0.8198023679178482 0.8143849432432058 0.005417424674642457 7.386485399999999
0.8259955778972585 0.8206559630412119 0.005339614856046615 7.537229999999999
0.8319759335266655 0.8267151159250022 0.0052608176016633035 7.6879745999999995
0.8377507503943445 0.8325695598355162 0.005181190558828375 7.838719199999999
0.8433270926592172 0.8382262108820748 0.0051008817771424075 7.989463799999999
0.8487117816922227 0.8436917515126834 0.0050200301795393365 8.140208399999999
0.853911404420694 0.8489726384082974 0.004938766012396623 8.290953
0.8589323213859484 0.8540751101103808 0.004857211275567597 8.4416976
0.8637806745239436 0.8590051943907667 0.004775480133176857 8.592442199999999
0.8684623946785257 0.8637687153725266 0.004693679305999066 8.743186799999998
0.8729832088564468 0.8683713004102595 0.004611908446187307 8.8939314
0.8773486472330422 0.87281838673793 0.004530260495112182 9.044675999999999
0.8815640499171252 0.8771152278921136 0.004448822025011623 9.195420599999999
0.8856345734833826 0.8812668999182233 0.004367673565159325 9.3461652
0.8895651972802557 0.885278307367065 0.004286889913190706 9.4969098
0.8933607295210254 0.8891541890887971 0.004206540432228345 9.647654399999999
0.8970258131655566 0.892899123831138 0.004126689334418621 9.798399
0.900564931599888 0.8965175356484439 0.004047395951444099 9.9491436
0.9039824141206247 0.900013699128034 0.003968714992590772 10.099888199999999
0.9072824412308365 0.9033917444399457 0.003890696790890713 10.250632799999998
0.9104690497539388 0.9066556622160863 0.0038133875378525417 10.4013774
0.9135461377718173 0.9098093082645403 0.0037368295072769397 10.552121999999999
0.916517469393234 0.912856408124602 0.003661061268631971 10.702866599999998
0.9193866793583493 0.9158005614679167 0.0035861178904326163 10.8536112
0.9221572774849869 0.9186452463509295 0.003512031134057403 11.004355799999999
0.9248326529620897 0.9213938233236673 0.003438829638422458 11.155100399999998
0.9274160784956109 0.9240495393997002 0.00336653909591067 11.305845
0.929910714311917 0.9266155318919812 0.0032951824199357604 11.4565896
0.9323196120235991 0.9290948321190876 0.003224779904511532 11.607334199999999
0.9346457183624147 0.9314903689862547 0.0031553493761600215 11.758078799999998
0.936891878783938 0.933804972445414 0.0030869063385239315 11.9088234
0.9390608409483184 0.936041376838341 0.0030194641099774433 12.059567999999999
0.9411552580814123 0.9382022241268533 0.0029530339545590367 12.210312599999998
0.9431776922203903 0.9402900670138717 0.0028876252065185293 12.3610572
0.9451306173478053 0.9423073719590422 0.002823245388763107 12.511801799999999
0.9470164224179336 0.9442565220924712 0.002759900325462361 12.662546399999998
0.9488374142791167 0.9461398200300186 0.002697594249098101 12.813291
0.9505958204956562 0.9479594905934823 0.002636329902173884 12.964035599999999
0.952293792072727 0.9497176834388733 0.002576108633853713 13.114780199999998
0.9539334060876342 0.9514164755958996 0.002516930491734626 13.265524799999998
0.9555166682306435 0.9530578739216514 0.002458794308992096 13.4162694
0.957045515258477 0.9546438174713898 0.002401697787087209 13.567013999999999
0.9585218173634928 0.9561761797892359 0.002345637574256987 13.717758599999998
0.959947380461432 0.9576567711214682 0.002290609339963834 13.8685032
0.9613239484005419 0.9590873405550496 0.002236607845492289 14.019247799999999
0.9626532050947741 0.9604695780838972 0.002183627010876932 14.169992399999998
0.9639367765836642 0.9618051166053454 0.0021316599783187673 14.320737
0.965176233021416 0.9630955338491595 0.002080699172256506 14.471481599999999
0.9663730905976251 0.9643423542413757 0.0020307363562493963 14.622226199999998
0.9675288133919878 0.9655470507051734 0.001981762686814381 14.772970799999998
0.9686448151652656 0.9667110464009033 0.0019337687643622425 14.923715399999999
