time d2_be
0.0 1.100000000000001
0.4064910517301843 1.100000000000001
0.8129821034603686 1.0994505017096083
1.2194731551905529 1.0989004187100384
1.6259642069207372 1.0983497832358924
2.0324552586509217 1.0977986258022148
2.4389463103811058 1.097246975290825
2.84543736211129 1.096694859032859
3.2519284138414744 1.0961423028876374
3.658419465571659 1.0955893313179585
4.064910517301843 1.095035967461941
4.471401569032027 1.0944822332015258
4.8778926207622115 1.0939281492277577
5.284383672492396 1.0933737351029613
5.69087472422258 1.09281900931993
6.097365775952764 1.0922639893582444
6.503856827682949 1.0917086917378358
6.910347879413133 1.0911531320699057
7.316838931143318 1.0905973251053123
7.723329982873501 1.0900412847805343
8.129821034603687 1.0894850242613177
8.53631208633387 1.0889285559841053
8.942803138064054 1.088371891695352
9.34929418979424 1.0878150424888207
9.755785241524423 1.0872580188409555
10.162276293254607 1.0867008306444152
10.568767344984792 1.0861434872398648
10.975258396714976 1.0855859974460986
11.38174944844516 1.0850283695885803
11.788240500175345 1.0844706115264795
12.194731551905528 1.0839127306782739
12.601222603635714 1.0833547340459908
13.007713655365897 1.0827966282381558
13.414204707096081 1.0822384194915136
13.820695758826266 1.0816801136915846
14.22718681055645 1.0811217163921132
14.633677862286635 1.0805632328334687
15.040168914016819 1.0800046679600475
15.446659965747003 1.0794460264367371
15.853151017477188 1.0788873126644776
16.259642069207374 1.078328530794985
16.666133120937555 1.0777696847446607
17.07262417266774 1.0772107782077471
17.479115224397926 1.076651814668761
17.885606276128108 1.0760927974142418
18.292097327858293 1.0755337295438558
18.69858837958848 1.0749746139808873
19.10507943131866 1.0744154534821546
19.511570483048846 1.0738562506473692
19.91806153477903 1.0732970079279893
20.324552586509213 1.0727377276355712
20.7310436382394 1.0721784119496638
21.137534689969584 1.0716190629252613
21.544025741699766 1.0710596824998442
21.95051679342995 1.0705002725000243
22.357007845160137 1.0699408346478223
22.76349889689032 1.0693813705665915
23.169989948620504 1.0688218817866144
23.57648100035069 1.0682623697503806
23.982972052080875 1.067702835817576
24.389463103811057 1.0671432812697854
24.795954155541242 1.0665837073149365
25.202445207271428 1.066024115091489
25.60893625900161 1.065464505672394
26.015427310731795 1.0649048800688232
26.42191836246198 1.0643452392336967
26.828409414192162 1.063785584065005
27.234900465922347 1.0632259154089445
27.641391517652533 1.062666234062881
28.047882569382715 1.062106540778137
28.4543736211129 1.0615468362626306
28.860864672843086 1.0609871211833573
29.26735572457327 1.060427396168737
29.673846776303453 1.059867661810823
30.080337828033638 1.0593079186673888
30.486828879763824 1.058748167263897
30.893319931494005 1.0581884080953532
31.29981098322419 1.0576286416280565
31.706302034954376 1.0570688683012488
32.11279308668456 1.0565090885286772
32.51928413841475 1.055949302700052
32.925775190144925 1.0553895111824398
33.33226624187511 1.0548297143215648
33.738757293605296 1.0542699124430381
34.14524834533548 1.0537101058535234
34.55173939706567 1.0531502948418239
34.95823044879585 1.05259047967992
35.36472150052603 1.0520306606239371
35.771212552256216 1.051470837915067
36.1777036039864 1.0509110117804275
36.58419465571659 1.0503511824338798
36.99068570744677 1.0497913500767964
37.39717675917696 1.049231514898783
37.803667810907136 1.0486716770783633
38.21015886263732 1.0481118367836209
38.61664991436751 1.0475519941728038
39.02314096609769 1.0469921493948995
39.42963201782788 1.046432302590169
39.83612306955806 1.0458724538906568
40.24261412128825 1.0453126034206688
40.64910517301843 1.0447527512972214
41.05559622474861 1.044192897630468
41.4620872764788 1.043633042524096
41.86857832820898 1.0430731860757076
42.27506937993917 1.0425133283771726
42.681560431669354 1.0419534695149617
43.08805148339953 1.0413936095704655
43.49454253512972 1.0408337486202879
43.9010335868599 1.040273886736527
44.30752463859009 1.03971402398704
44.714015690320274 1.0391541604356902
45.12050674205046 1.0385942961425798
45.52699779378064 1.0380344311642729
45.93348884551082 1.037474565554001
46.33997989724101 1.0369146993618588
46.746470948971194 1.0363548326349883
47.15296200070138 1.0357949654177532
47.559453052431564 1.0352350977519003
47.96594410416175 1.0346752296767148
48.37243515589193 1.0341153612291638
48.77892620762211 1.0335554924440344
49.1854172593523 1.0329956233540607
49.591908311082484 1.0324357539900444
49.99839936281267 1.031875884380971
50.404890414542855 1.0313160145541138
50.81138146627303 1.0307561445351372
51.21787251800322 1.0301962743481905
51.624363569733404 1.0296364040159982
52.03085462146359 1.029076533559944
52.437345673193775 1.0285166630001499
52.84383672492396 1.02795679235555
53.250327776654146 1.0273969216439622
53.656818828384324 1.0268370508821543
54.06330988011451 1.0262771800859047
54.469800931844695 1.0257173092700635
54.87629198357488 1.0251574384486044
55.282783035305066 1.0245975676346808
55.68927408703525 1.0240376968406695
56.09576513876543 1.0234778260782216
56.502256190495615 1.0229179553583032
56.9087472422258 1.0223580846912361
57.315238293955986 1.0217982140867365
57.72172934568617 1.0212383435539518
58.12822039741636 1.020678473101494
58.53471144914654 1.0201186027374711
58.94120250087672 1.0195587324695172
59.347693552606906 1.0189988623048227
59.75418460433709 1.018438992250158
60.160675656067276 1.0178791223118993
60.56716670779746 1.0173192524960548
60.97365775952765 1.0167593828082833
61.380148811257826 1.0161995132539163
61.78663986298801 1.0156396438379796
62.193130914718196 1.015079774565208
62.59962196644838 1.0145199054400653
63.00611301817857 1.0139600364667594
63.41260406990875 1.01340016764926
63.81909512163893 1.0128402989913086
64.22558617336912 1.0122804304964361
64.63207722509931 1.0117205621679743
65.0385682768295 1.0111606940090665
65.44505932855967 1.0106008260226815
65.85155038028985 1.0100409582116214
66.25804143202004 1.0094810905785336
66.66453248375022 1.008921223125919
67.0710235354804 1.0083613558561424
67.47751458721059 1.0078014887714377
67.88400563894078 1.0072416218739197
68.29049669067096 1.0066817551655887
68.69698774240115 1.0061218886483374
69.10347879413133 1.0055620223239587
69.50996984586152 1.0050021561941522
69.9164608975917 1.004442290260527
70.32295194932188 1.0038824245246107
70.72944300105206 1.0033225589878514
71.13593405278225 1.0027626936516247
71.54242510451243 1.0022028285172382
71.94891615624262 1.0016429635859316
72.3554072079728 1.0010830988588877
72.76189825970299 1.0005232343372303
73.16838931143317 0.9999633700220297
73.57488036316336 0.9994035059143063
73.98137141489354 0.9988436420150332
74.38786246662373 0.9982837783251394
74.79435351835392 0.9977239148455118
75.2008445700841 0.9971640515769994
75.60733562181427 0.9966041885204133
76.01382667354446 0.9960443256765318
76.42031772527464 0.9954844630460988
76.82680877700483 0.9949246006298302
77.23329982873501 0.9943647384284129
77.6397908804652 0.9938048764425059
78.04628193219538 0.9932450146727451
78.45277298392557 0.9926851531197415
78.85926403565576 0.9921252917840863
79.26575508738594 0.9915654306663472
79.67224613911613 0.9910055697670752
80.07873719084631 0.9904457090868016
80.4852282425765 0.9898858486260418
80.89171929430667 0.9893259883852947
81.29821034603685 0.9887661283650453
81.70470139776704 0.988206268565763
82.11119244949722 0.9876464089879055
82.51768350122741 0.9870865496319182
82.9241745529576 0.9865266904982342
83.33066560468778 0.9859668315872767
83.73715665641797 0.9854069728994592
84.14364770814815 0.9848471144351855
84.55013875987834 0.9842872561948497
84.95662981160852 0.9837273981788386
85.36312086333871 0.9831675403875315
85.7696119150689 0.9826076828213005
86.17610296679906 0.9820478254805102
86.58259401852925 0.98148796836552
86.98908507025943 0.9809281114766832
87.39557612198962 0.9803682548143472
87.8020671737198 0.9798083983788545
88.20855822544999 0.9792485421705435
88.61504927718018 0.9786886861897469
89.02154032891036 0.9781288304367948
89.42803138064055 0.9775689749120123
89.83452243237073 0.9770091196157217
90.24101348410092 0.9764492645482415
90.6475045358311 0.9758894097098878
91.05399558756127 0.9753295551009731
91.46048663929146 0.9747697007218076
91.86697769102165 0.9742098465726983
92.27346874275183 0.9736499926539514
92.67995979448202 0.97309013896587
93.0864508462122 0.9725302855087554
93.49294189794239 0.9719704322829069
93.89943294967257 0.9714105792886238
94.30592400140276 0.9708507265262006
94.71241505313294 0.9702908739959341
95.11890610486313 0.9697310216981173
95.52539715659331 0.9691711696330423
95.9318882083235 0.9686113178010012
96.33837926005367 0.968051466202285
96.74487031178386 0.9674916148371834
97.15136136351404 0.9669317637059841
97.55785241524423 0.9663719128089765
97.96434346697441 0.9658120621464482
98.3708345187046 0.9652522117186859
98.77732557043478 0.9646923615259763
99.18381662216497 0.9641325115686055
99.59030767389515 0.9635726618468589
99.99679872562534 0.9630128123610222
100.40328977735552 0.9624529631113808
100.80978082908571 0.9618931140982194
101.2162718808159 0.9613332653218226
101.62276293254607 0.9607734167824754
102.02925398427625 0.9602135684804624
102.43574503600644 0.9596537204160672
102.84223608773662 0.9590938725895755
103.24872713946681 0.9585340250012704
103.655218191197 0.9579741776514382
104.06170924292718 0.9574143305403617
104.46820029465736 0.9568544836683264
104.87469134638755 0.9562946370356169
105.28118239811774 0.9557347906425185
105.68767344984792 0.9551749444893165
106.0941645015781 0.954615098576295
106.50065555330829 0.9540552529037409
106.90714660503846 0.9534954074719396
107.31363765676865 0.9529355622811768
107.72012870849883 0.9523757173317391
108.12661976022902 0.9518158726239129
108.5331108119592 0.951256028157985
108.93960186368939 0.9506961839342429
109.34609291541958 0.9501363399529739
109.75258396714976 0.9495764962144659
110.15907501887995 0.9490166527190071
110.56556607061013 0.9484568094668862
110.97205712234032 0.947896966458392
111.3785481740705 0.9473371236938137
111.78503922580069 0.946777281173441
112.19153027753086 0.9462174388975645
112.59802132926104 0.9456575968664739
113.00451238099123 0.9450977550804608
113.41100343272142 0.9445379135398163
113.8174944844516 0.9439780722448322
114.22398553618179 0.9434182311958008
114.63047658791197 0.9428583903930146
115.03696763964216 0.9422985498367665
115.44345869137234 0.9417387095273507
115.84994974310253 0.9411788694650607
116.25644079483271 0.9406190296501912
116.6629318465629 0.9400591900830371
117.06942289829308 0.9394993507638938
117.47591395002325 0.9389395116930572
117.88240500175344 0.9383796728708238
118.28889605348363 0.9378198342974906
118.69538710521381 0.9372599959733544
119.101878156944 0.936700157898714
119.50836920867418 0.9361403200738667
119.91486026040437 0.9355804824991124
120.32135131213455 0.9350206451747498
120.72784236386474 0.9344608081010791
121.13433341559492 0.9339009712784005
121.54082446732511 0.933341134707015
121.9473155190553 0.9327812983872239
122.35380657078547 0.9322214623193296
122.76029762251565 0.9316616265036342
123.16678867424584 0.9311017909404404
123.57327972597602 0.9305419556300523
123.97977077770621 0.9299821205727739
124.38626182943639 0.9294222857689093
124.79275288116658 0.9288624512187643
125.19924393289676 0.9283026169226443
125.60573498462695 0.9277427828808552
126.01222603635713 0.927182949093704
126.41871708808732 0.9266231155614981
126.8252081398175 0.9260632822845452
127.23169919154769 0.9255034492631539
127.63819024327786 0.9249436164976327
128.04468129500805 0.9243837839882914
128.45117234673825 0.9238239517354399
128.85766339846842 0.9232641197393889
129.26415445019862 0.9227042880004497
129.6706455019288 0.9221444565189334
130.077136553659 0.9215846252951531
130.48362760538916 0.9210247943294211
130.89011865711933 0.920464963622051
131.29660970884953 0.9199051331733568
131.7031007605797 0.9193453029836526
132.1095918123099 0.918785473053254
132.51608286404007 0.9182256433824767
132.92257391577027 0.9176658139716365
133.32906496750044 0.9171059848210505
133.73555601923064 0.9165461559310365
134.1420470709608 0.9159863273019117
134.548538122691 0.9154264989339952
134.95502917442118 0.914866670827606
135.36152022615136 0.9143068429830636
135.76801127788156 0.9137470154006883
136.17450232961173 0.9131871880808015
136.58099338134193 0.9126273610237244
136.9874844330721 0.9120675342297788
137.3939754848023 0.9115077076992878
137.80046653653247 0.9109478814325744
138.20695758826267 0.9103880554299624
138.61344863999284 0.9098282296917761
139.01993969172304 0.9092684042183411
139.4264307434532 0.9087085790099824
139.8329217951834 0.9081487540670264
140.23941284691358 0.9075889293898004
140.64590389864375 0.9070291049786312
141.05239495037395 0.9064692808338473
141.45888600210412 0.9059094569557771
141.86537705383432 0.9053496333447497
142.2718681055645 0.9047898100010952
142.6783591572947 0.9042299869251441
143.08485020902486 0.9036701641172274
143.49134126075506 0.903110341577677
143.89783231248524 0.902550519306825
144.30432336421543 0.9019906973050043
144.7108144159456 0.9014308755725484
145.1173054676758 0.9008710541097921
145.52379651940598 0.900311232917069
145.93028757113615 0.8997514119947156
146.33677862286635 0.8991915913430676
146.74326967459652 0.8986317709624615
147.14976072632672 0.8980719508532348
147.5562517780569 0.8975121310157252
147.9627428297871 0.8969523114502714
148.36923388151726 0.8963924921572127
148.77572493324746 0.8958326731368885
149.18221598497763 0.8952728543896401
149.58870703670783 0.8947130359158078
149.995198088438 0.8941532177157336
150.4016891401682 0.8935933997897596
150.80818019189837 0.8930335821382293
151.21467124362854 0.8924737647614862
151.62116229535874 0.8919139476598745
152.02765334708891 0.891354130833739
152.43414439881911 0.8907943142834257
152.84063545054929 0.8902344980092807
153.24712650227949 0.8896746820116509
153.65361755400966 0.8891148662908837
154.06010860573986 0.8885550508473276
154.46659965747003 0.8879952356813312
154.87309070920023 0.887435420793244
155.2795817609304 0.8868756061834165
155.6860728126606 0.8863157918521994
156.09256386439077 0.8857559777999442
156.49905491612094 0.8851961640270033
156.90554596785114 0.884636350533729
157.3120370195813 0.8840765373204753
157.7185280713115 0.8835167243875964
158.12501912304168 0.8829569117354469
158.53151017477188 0.8823970993643824
158.93800122650205 0.881837287274759
159.34449227823225 0.8812774754669339
159.75098332996242 0.8807176639412646
160.15747438169262 0.8801578526981093
160.5639654334228 0.8795980417378266
160.970456485153 0.8790382310607766
161.37694753688316 0.8784784206673193
161.78343858861334 0.877918610557816
162.18992964034354 0.8773588007326282
162.5964206920737 0.8767989911921179
163.0029117438039 0.8762391819366486
163.40940279553408 0.8756793729665842
163.81589384726428 0.8751195642822888
164.22238489899445 0.8745597558841275
164.62887595072465 0.8739999477724665
165.03536700245482 0.8734401399476721
165.44185805418502 0.8728803324101118
165.8483491059152 0.8723205251601531
166.2548401576454 0.871760718198165
166.66133120937556 0.8712009115245171
167.06782226110573 0.870641105139579
167.47431331283593 0.8700812990437219
167.8808043645661 0.8695214932373173
168.2872954162963 0.8689616877207369
168.69378646802647 0.8684018824943541
169.10027751975667 0.8678420775585428
169.50676857148684 0.8672822729136769
169.91325962321704 0.8667224685601319
170.31975067494722 0.8661626644982833
170.72624172667742 0.8656028607285079
171.1327327784076 0.8650430572511831
171.5392238301378 0.8644832540666867
171.94571488186796 0.8639234511753975
172.35220593359813 0.8633636485776951
172.75869698532833 0.8628038462739596
173.1651880370585 0.8622440442645722
173.5716790887887 0.8616842425499146
173.97817014051887 0.8611244411303688
174.38466119224907 0.8605646400063186
174.79115224397924 0.8600048391781476
175.19764329570944 0.8594450386462407
175.6041343474396 0.8588852384109831
176.0106253991698 0.8583254384727612
176.41711645089998 0.857765638831962
176.82360750263018 0.8572058394889731
177.23009855436035 0.8566460404441829
177.63658960609052 0.856086241697981
178.04308065782072 0.8555264432507571
178.4495717095509 0.8549666451029019
178.8560627612811 0.8544068472548069
179.26255381301127 0.8538470497068646
179.66904486474147 0.8532872524594681
180.07553591647164 0.8527274555130112
180.48202696820184 0.8521676588678881
180.888518019932 0.8516078625244947
181.2950090716622 0.8510480664832274
181.70150012339238 0.8504882707444824
182.10799117512255 0.8499284753086578
182.51448222685275 0.8493686801761521
182.92097327858292 0.8488088853473645
183.32746433031312 0.8482490908226955
183.7339553820433 0.8476892966025454
184.1404464337735 0.8471295026873162
184.54693748550366 0.8465697090774102
184.95342853723386 0.8460099157732309
185.35991958896403 0.8454501227751823
185.76641064069423 0.8448903300836693
186.1729016924244 0.8443305376990973
186.5793927441546 0.8437707456218732
186.98588379588477 0.8432109538524037
187.39237484761495 0.8426511623910974
187.79886589934515 0.8420913712383632
188.20535695107532 0.8415315803946105
188.61184800280552 0.84097178986025
189.0183390545357 0.8404119996356931
189.4248301062659 0.8398522097213518
189.83132115799606 0.8392924201176393
190.23781220972626 0.8387326308249696
190.64430326145643 0.8381728418437568
191.05079431318663 0.837613053174417
191.4572853649168 0.8370532648173661
191.863776416647 0.8364934767730212
192.27026746837717 0.8359336890418003
192.67675852010734 0.8353739016241226
193.08324957183754 0.8348141145204078
193.4897406235677 0.8342543277310756
193.8962316752979 0.8336945412565482
194.30272272702808 0.8331347550972473
194.70921377875828 0.8325749692535962
195.11570483048845 0.8320151837260185
195.52219588221865 0.8314553985149393
195.92868693394882 0.8308956136207841
196.33517798567902 0.8303358290439796
196.7416690374092 0.8297760447849525
197.1481600891394 0.8292162608441316
197.55465114086957 0.8286564772219455
197.96114219259974 0.8280966939188246
198.36763324432994 0.8275369109351995
198.7741242960601 0.8269771282715016
199.1806153477903 0.8264173459281638
199.58710639952048 0.8258575639056193
199.99359745125068 0.8252977822043026
200.40008850298085 0.8247380008246487
200.80657955471105 0.8241782197670936
201.21307060644122 0.8236184390320747
201.61956165817142 0.8230586586200294
202.0260527099016 0.8224988785313964
202.4325437616318 0.8219390987666159
202.83903481336196 0.8213793193261277
203.24552586509213 0.8208195402103737
203.65201691682233 0.8202597614197963
204.0585079685525 0.8196999829548386
204.4649990202827 0.8191402048159443
204.87149007201288 0.8185804270035589
205.27798112374307 0.8180206495181284
205.68447217547325 0.8174608723600996
206.09096322720345 0.8169010955299203
206.49745427893362 0.8163413190280393
206.90394533066382 0.8157815428549058
207.310436382394 0.8152217670109708
207.7169274341242 0.8146619914966857
208.12341848585436 0.8141022163125028
208.52990953758453 0.8135424414588756
208.93640058931473 0.8129826669362581
209.3428916410449 0.812422892745106
209.7493826927751 0.8118631188858749
210.15587374450527 0.8113033453590222
210.56236479623547 0.8107435721650059
210.96885584796564 0.8101837993042851
211.37534689969584 0.8096240267773195
211.781837951426 0.8090642545845699
212.1883290031562 0.8085044827264988
212.59482005488638 0.8079447112035681
213.00131110661658 0.8073849400162427
213.40780215834675 0.8068251691649861
213.81429321007693 0.8062653986502648
214.22078426180713 0.8057056284725451
214.6272753135373 0.8051458586322948
215.0337663652675 0.8045860891299822
215.44025741699767 0.8040263199660774
215.84674846872787 0.8034665511410506
216.25323952045804 0.8029067826553734
216.65973057218824 0.8023470145095183
217.0662216239184 0.8017872467039592
217.4727126756486 0.8012274792391699
217.87920372737878 0.8006677121156264
218.28569477910898 0.8001079453338052
218.69218583083915 0.7995481788941835
219.09867688256932 0.7989884127972402
219.50516793429952 0.7984286470434544
219.9116589860297 0.7978688816333068
220.3181500377599 0.797309116567279
220.72464108949006 0.7967493518458533
221.13113214122026 0.7961895874695134
221.53762319295043 0.7956298234387438
221.94411424468063 0.7950700597540299
222.3506052964108 0.7945102964158588
222.757096348141 0.7939505334247176
223.16358739987118 0.7933907707810952
223.57007845160138 0.7928310084854814
223.97656950333155 0.792271246538367
224.38306055506172 0.7917114849402433
224.78955160679192 0.7911517236916032
225.1960426585221 0.7905919627929412
225.6025337102523 0.7900322022447517
226.00902476198246 0.7894724420475303
226.41551581371266 0.7889126822017747
226.82200686544283 0.7883529227079825
227.22849791717303 0.7877931635666531
227.6349889689032 0.7872334047782866
228.0414800206334 0.786673646343384
228.44797107236357 0.7861138882624481
228.85446212409377 0.7855541305359818
229.26095317582394 0.7849943731644901
229.6674442275541 0.784434616148478
230.0739352792843 0.7838748594884521
230.48042633101448 0.7833151031849205
230.88691738274468 0.782755347238392
231.29340843447486 0.782195591649376
231.69989948620506 0.7816358364183841
232.10639053793523 0.7810760815459277
232.51288158966543 0.7805163270325205
232.9193726413956 0.7799565728786767
233.3258636931258 0.7793968190849112
233.73235474485597 0.7788370656517408
234.13884579658617 0.7782773125796835
234.54533684831634 0.7777175598692573
234.9518279000465 0.7771578075209824
235.3583189517767 0.7765980555353797
235.76481000350688 0.7760383039129715
236.17130105523708 0.7754785526542806
236.57779210696725 0.7749188017598314
236.98428315869745 0.7743590512301495
237.39077421042762 0.7737993010657616
237.79726526215782 0.7732395512671951
238.203756313888 0.7726798018349792
238.6102473656182 0.7721200527696441
239.01673841734836 0.7715603040717205
239.42322946907854 0.771000555741741
239.82972052080873 0.7704408077802388
240.2362115725389 0.769881060187749
240.6427026242691 0.7693213129648072
241.04919367599928 0.7687615661119506
241.45568472772948 0.7682018196297169
241.86217577945965 0.7676420735186459
242.26866683118985 0.7670823277792781
242.67515788292002 0.7665225824121549
243.08164893465022 0.7659628374178192
243.4881399863804 0.7654030927968153
243.8946310381106 0.7648433485496882
244.30112208984076 0.7642836046769845
244.70761314157093 0.7637238611792518
245.11410419330113 0.7631641180570391
245.5205952450313 0.7626043753108964
245.9270862967615 0.7620446329413751
246.33357734849167 0.7614848909490273
246.74006840022187 0.7609251493344069
247.14655945195204 0.7603654080980687
247.55305050368224 0.7598056672405692
247.95954155541241 0.7592459267624655
248.3660326071426 0.7586861866643161
248.77252365887279 0.7581264469466811
249.17901471060298 0.7575667076101213
249.58550576233316 0.7570069686551991
249.99199681406333 0.7564472300824785
250.39848786579353 0.7558874918925235
250.8049789175237 0.7553277540859005
251.2114699692539 0.7547680166631772
251.61796102098407 0.7542082796249218
252.02445207271427 0.7536485429717039
252.43094312444444 0.7530888067040952
252.83743417617464 0.7525290708226675
253.2439252279048 0.7519693353279949
253.650416279635 0.7514096002206522
254.05690733136518 0.7508498655012156
254.46339838309538 0.7502901311702624
254.86988943482555 0.7497303972283719
255.27638048655572 0.7491706636761235
255.68287153828592 0.748610930514099
256.0893625900161 0.748051197742881
256.4958536417463 0.7474914653630536
256.9023446934765 0.7469317333752018
257.30883574520664 0.7463720017799126
257.71532679693684 0.7458122705777737
258.12181784866704 0.7452525397693743
258.52830890039723 0.744692809355305
258.9347999521274 0.744133079336158
259.3412910038576 0.7435733497125263
259.7477820555878 0.7430136204850044
260.154273107318 0.7424538916541882
260.5607641590481 0.7418941632206754
260.9672552107783 0.7413344351850638
261.3737462625085 0.7407747075479542
261.78023731423866 0.7402149803099474
262.18672836596886 0.7396552534716464
262.59321941769906 0.7390955270336551
262.99971046942926 0.7385358009965788
263.4062015211594 0.7379760753610242
263.8126925728896 0.7374163501276003
264.2191836246198 0.7368566252969154
264.62567467635 0.7362969008695813
265.03216572808014 0.7357371768462104
265.43865677981034 0.735177453227416
265.84514783154054 0.7346177300138133
266.2516388832707 0.734058007206019
266.6581299350009 0.7334982848046507
267.0646209867311 0.7329385628103284
267.4711120384613 0.7323788412236721
267.8776030901914 0.7318191200453046
268.2840941419216 0.7312593992758492
268.6905851936518 0.7306996789159309
269.097076245382 0.7301399589661763
269.50356729711217 0.7295802394272132
269.91005834884237 0.7290205202996712
270.31654940057257 0.7284608015841809
270.7230404523027 0.7279010832813746
271.1295315040329 0.727341365391886
271.5360225557631 0.7267816479163504
271.9425136074933 0.7262219308554041
272.34900465922345 0.7256622142096856
272.75549571095365 0.7251024979798344
273.16198676268385 0.7245427821664913
273.56847781441405 0.7239830667702989
273.9749688661442 0.7234233517919014
274.3814599178744 0.7228636372319444
274.7879509696046 0.7223039230910746
275.1944420213348 0.7217442093699408
275.60093307306494 0.7211844960691925
276.00742412479514 0.7206247831894824
276.41391517652534 0.7200650707314621
276.8204062282555 0.7195053586957871
277.2268972799857 0.7189456470831135
277.6333883317159 0.7183859358940985
278.0398793834461 0.7178262251294012
278.4463704351762 0.7172665147896828
278.8528614869064 0.7167068048756051
279.2593525386366 0.7161470953878324
279.6658435903668 0.7155873863270293
280.07233464209696 0.7150276776938633
280.47882569382716 0.7144679694890026
280.88531674555736 0.7139082617131173
281.2918077972875 0.713348554366879
281.6982988490177 0.7127888474509612
282.1047899007479 0.712229140966038
282.5112809524781 0.7116694349127862
282.91777200420825 0.7111097292918837
283.32426305593845 0.71055002410401
283.73075410766864 0.7099903193498462
284.13724515939884 0.7094306150300752
284.543736211129 0.7088709111453811
284.9502272628592 0.7083112076964504
285.3567183145894 0.7077515046839702
285.7632093663196 0.7071918021086299
286.16970041804973 0.7066320999711204
286.5761914697799 0.7060723982721343
286.9826825215101 0.7055126970123654
287.38917357324027 0.7049529961925097
287.79566462497047 0.7043932958132652
288.20215567670067 0.7038335958753301
288.60864672843087 0.7032738963794057
289.015137780161 0.7027141973261944
289.4216288318912 0.7021544987164003
289.8281198836214 0.7015948005507293
290.2346109353516 0.7010351028298883
290.64110198708175 0.7004754055545875
291.04759303881195 0.6999157087255373
291.45408409054215 0.6993560123434499
291.8605751422723 0.69879631640904
292.2670661940025 0.6982366209230236
292.6735572457327 0.6976769258861184
293.0800482974629 0.6971172312990437
293.48653934919304 0.6965575371625209
293.89303040092324 0.6959978434772726
294.29952145265344 0.6954381502440237
294.70601250438364 0.6948784574635005
295.1125035561138 0.6943187651364312
295.518994607844 0.6937590732635459
295.9254856595742 0.6931993818455761
296.3319767113044 0.6926396908832548
296.7384677630345 0.6920800003773178
297.1449588147647 0.6915203103285021
297.5514498664949 0.6909606207375463
297.95794091822506 0.6904009316051907
298.36443196995526 0.689841242932178
298.77092302168546 0.6892815547192526
299.17741407341566 0.68872186696716
299.5839051251458 0.6881621796766481
299.990396176876 0.6876024928484666
300.3968872286062 0.6870428064833671
300.8033782803364 0.6864831205821026
301.20986933206655 0.6859234351454286
301.61636038379675 0.6853637501741018
302.02285143552695 0.6848040656688807
302.4293424872571 0.6842443816305266
302.8358335389873 0.6836846980598017
303.2423245907175 0.6831250149574702
303.6488156424477 0.6825653323242988
304.05530669417783 0.6820056501610552
304.46179774590803 0.6814459684685099
304.86828879763823 0.6808862872474348
305.27477984936843 0.6803266064986037
305.68127090109857 0.6797669262227919
306.08776195282877 0.6792072464207775
306.49425300455897 0.6786475670933402
306.90074405628917 0.678087888241261
307.3072351080193 0.6775282098653237
307.7137261597495 0.6769685319663136
308.1202172114797 0.676408854545018
308.52670826320985 0.6758491776022263
308.93319931494005 0.6752895011387295
309.33969036667025 0.6747298251553209
309.74618141840045 0.6741701496527954
310.1526724701306 0.6736104746319506
310.5591635218608 0.6730508000935854
310.965654573591 0.6724911260385007
311.3721456253212 0.6719314524674997
311.77863667705134 0.6713717793813878
312.18512772878154 0.670812106780972
312.59161878051174 0.6702524346670612
312.9981098322419 0.6696927630404667
313.4046008839721 0.6691330919020018
313.8110919357023 0.6685734212524814
314.2175829874325 0.6680137510927228
314.6240740391626 0.6674540814235457
315.0305650908928 0.6668944122457711
315.437056142623 0.6663347435602224
315.8435471943532 0.6657750753677253
316.25003824608336 0.6652154076691077
316.65652929781356 0.6646557404651987
317.06302034954376 0.6640960737568303
317.4695114012739 0.6635364075448361
317.8760024530041 0.6629767418300526
318.2824935047343 0.6624170766133174
318.6889845564645 0.6618574118954709
319.09547560819465 0.6612977476773554
319.50196665992485 0.6607380839598153
319.90845771165505 0.660178420743697
320.31494876338525 0.6596187580298497
320.7214398151154 0.659059095819124
321.1279308668456 0.6584994341123731
321.5344219185758 0.6579397729104521
321.940912970306 0.6573801122142187
322.34740402203613 0.6568204520245321
322.75389507376633 0.6562607923422542
323.16038612549653 0.6557011331682492
323.5668771772267 0.655141474503383
323.9733682289569 0.6545818163485245
324.37985928068707 0.6540221587045437
324.78635033241727 0.653462501572314
325.1928413841474 0.6529028449527102
325.5993324358776 0.6523431888466099
326.0058234876078 0.6517835332548925
326.412314539338 0.65122387817844
326.81880559106816 0.6506642236181363
327.22529664279836 0.6501045695748681
327.63178769452855 0.6495449160495239
328.0382787462587 0.6489852630429948
328.4447697979889 0.6484256105561742
328.8512608497191 0.6478659585899575
329.2577519014493 0.6473063071452426
329.66424295317944 0.6467466562229298
330.07073400490964 0.6461870058239217
330.47722505663984 0.6456273559491235
330.88371610837004 0.6450677065994417
331.2902071601002 0.6445080577757865
331.6966982118304 0.6439484094790702
332.1031892635606 0.6433887617102063
332.5096803152908 0.642829114470112
332.9161713670209 0.6422694677597063
333.3226624187511 0.6417098215799111
333.7291534704813 0.6411501759316496
334.13564452221146 0.640590530815849
334.54213557394166 0.6400308862334375
334.94862662567186 0.6394712421853465
335.35511767740206 0.6389115986725094
335.7616087291322 0.6383519556958626
336.1680997808624 0.6377923132563443
336.5745908325926 0.6372326713548958
336.9810818843228 0.6366730299924608
337.38757293605295 0.6361133891699847
337.79406398778315 0.6355537488884164
338.20055503951335 0.6349941091487064
338.6070460912435 0.6344344699518085
339.0135371429737 0.6338748312986786
339.4200281947039 0.6333151931902752
339.8265192464341 0.6327555556275595
340.23301029816423 0.6321959186114949
340.63950134989443 0.6316362821430478
341.04599240162463 0.6310766462231866
341.45248345335483 0.6305170108528826
341.858974505085 0.6299573760331099
342.2654655568152 0.6293977417648448
342.6719566085454 0.6288381080490664
343.0784476602756 0.6282784748867561
343.4849387120057 0.6277188422788985
343.8914297637359 0.6271592102264806
344.2979208154661 0.6265995787304914
344.70441186719626 0.6260399477919237
345.11090291892646 0.625480317411772
345.51739397065666 0.6249206875910338
345.92388502238686 0.6243610583307092
346.330376074117 0.6238014296318013
346.7368671258472 0.6232418014953156
347.1433581775774 0.6226821739222604
347.5498492293076 0.6221225469136463
347.95634028103774 0.6215629204704874
348.36283133276794 0.6210032945938002
348.76932238449814 0.6204436692846034
349.1758134362283 0.6198840445439192
349.5823044879585 0.6193244203727727
349.9887955396887 0.6187647967721904
350.3952865914189 0.618205173743203
350.801777643149 0.6176455512868438
351.2082686948792 0.6170859294041485
351.6147597466094 0.6165263080961556
352.0212507983396 0.6159666873639065
352.42774185006976 0.6154070672084456
352.83423290179996 0.6148474476308201
353.24072395353016 0.6142878286320799
353.64721500526036 0.6137282102132781
354.0537060569905 0.6131685923754698
354.4601971087207 0.6126089751197142
354.8666881604509 0.6120493584470728
355.27317921218105 0.6114897423586098
355.67967026391125 0.6109301268553924
356.08616131564145 0.6103705119384912
356.49265236737165 0.6098108976089789
356.8991434191018 0.6092512838679323
357.305634470832 0.6086916707164302
357.7121255225622 0.6081320581555544
358.1186165742924 0.6075724461863902
358.52510762602253 0.6070128348100258
358.93159867775273 0.6064532240275518
359.33808972948293 0.6058936138400628
359.7445807812131 0.6053340042486555
360.1510718329433 0.60477439525443
360.5575628846735 0.6042147868584898
360.9640539364037 0.603655179061941
361.3705449881338 0.6030955718658925
361.777036039864 0.6025359652714571
362.1835270915942 0.6019763592797502
362.5900181433244 0.6014167538918903
362.99650919505456 0.6008571491089991
363.40300024678476 0.6002975449322014
363.80949129851496 0.5997379413626255
364.2159823502451 0.5991783384014018
364.6224734019753 0.5986187360496651
365.0289644537055 0.5980591343085526
365.4354555054357 0.597499533179205
365.84194655716584 0.5969399326627663
366.24843760889604 0.5963803327603833
366.65492866062624 0.5958207334732063
367.06141971235644 0.5952611348023887
367.4679107640866 0.5947015367490874
367.8744018158168 0.5941419393144626
368.280892867547 0.5935823424996771
368.6873839192772 0.5930227463058976
369.0938749710073 0.5924631507342941
369.5003660227375 0.5919035557860396
369.9068570744677 0.5913439614623105
370.31334812619787 0.5907843677642869
370.71983917792807 0.5902247746931517
371.12633022965827 0.5896651822500912
371.53282128138846 0.5891055904362957
371.9393123331186 0.5885459992529584
372.3458033848488 0.5879864087012758
372.752294436579 0.587426818782448
373.1587854883092 0.5868672294976783
373.56527654003935 0.5863076408481739
373.97176759176955 0.5857480528351451
374.37825864349975 0.5851884654598057
374.7847496952299 0.5846288787233728
375.1912407469601 0.5840692926270675
375.5977317986903 0.5835097071721141
376.0042228504205 0.5829501223597401
376.41071390215063 0.582390538191177
376.81720495388083 0.5818309546676597
377.22369600561103 0.5812713717904268
377.63018705734123 0.5807117895607198
378.0366781090714 0.5801522079797845
378.4431691608016 0.5795926270488705
378.8496602125318 0.57903304676923
379.256151264262 0.5784734671421196
379.6626423159921 0.5779138881687994
380.0691333677223 0.5773543098505332
380.4756244194525 0.5767947321885881
380.88211547118266 0.5762351551842354
381.28860652291286 0.5756755788387498
381.69509757464306 0.5751160031534097
382.10158862637326 0.5745564281294969
382.5080796781034 0.5739968537682979
382.9145707298336 0.5734372800711022
383.3210617815638 0.572877707039203
383.727552833294 0.5723181346738977
384.13404388502414 0.5717585629764871
384.54053493675434 0.5711989919482764
384.94702598848454 0.5706394215905738
385.3535170402147 0.5700798519046919
385.7600080919449 0.5695202828919474
386.1664991436751 0.56896071455366
386.5729901954053 0.5684011468911541
386.9794812471354 0.5678415799057576
387.3859722988656 0.5672820135988025
387.7924633505958 0.5667224479716243
388.198954402326 0.5661628830255634
388.60544545405617 0.565603318761963
389.01193650578637 0.5650437551821712
389.41842755751657 0.5644841922875395
389.82491860924677 0.5639246300794236
390.2314096609769 0.5633650685591834
390.6379007127071 0.5628055077281829
391.0443917644373 0.5622459475877897
391.45088281616745 0.5616863881393757
391.85737386789765 0.561126829384317
392.26386491962785 0.5605672713239939
392.67035597135805 0.5600077139597904
393.0768470230882 0.5594481572930949
393.4833380748184 0.5588886013253003
393.8898291265486 0.5583290460578032
394.2963201782788 0.557769491492004
394.70281123000893 0.5572099376293085
395.10930228173913 0.556650384471126
395.51579333346933 0.5560908320188697
395.9222843851995 0.5555312802739576
396.3287754369297 0.5549717292378118
396.7352664886599 0.5544121789118588
397.1417575403901 0.5538526292975292
397.5482485921202 0.5532930803962582
397.9547396438504 0.5527335322094851
398.3612306955806 0.5521739847386536
398.7677217473108 0.551614437985212
399.17421279904096 0.5510548919506127
399.58070385077116 0.5504953466363127
399.98719490250136 0.5499358020437732
400.39368595423156 0.5493762581744601
400.8001770059617 0.5488167150298439
401.2066680576919 0.548257172611399
401.6131591094221 0.5476976309206049
402.01965016115224 0.5471380899589454
402.42614121288244 0.5465785497279089
402.83263226461264 0.546019010228988
403.23912331634284 0.5454594714636806
403.645614368073 0.5448999334334885
404.0521054198032 0.5443403961399185
404.4585964715334 0.5437808595844817
404.8650875232636 0.5432213237686944
405.2715785749937 0.5426617886940772
405.6780696267239 0.5421022543621553
406.0845606784541 0.5415427207744589
406.49105173018427 0.5409831879325226
406.89754278191447 0.5404236558378862
407.30403383364467 0.539864124492094
407.71052488537487 0.5393045938966947
408.117015937105 0.5387450640532425
408.5235069888352 0.5381855349632962
408.9299980405654 0.5376260066284193
409.3364890922956 0.5370664790501805
409.74298014402575 0.5365069522301528
410.14947119575595 0.5359474261699146
410.55596224748615 0.535387900871049
410.96245329921635 0.5348283763351442
411.3689443509465 0.5342688525637934
411.7754354026767 0.5337093295585946
412.1819264544069 0.5331498073211511
412.58841750613703 0.5325902858530709
412.99490855786723 0.5320307651559671
413.40139960959743 0.5314712452314583
413.80789066132763 0.5309117260811677
414.2143817130578 0.5303522077067236
414.620872764788 0.52979269010976
415.0273638165182 0.5292331732919159
415.4338548682484 0.5286736572548345
415.8403459199785 0.5281141420001656
416.2468369717087 0.5275546275295637
416.6533280234389 0.5269951138446881
417.05981907516906 0.526435600947204
417.46631012689926 0.5258760888387817
417.87280117862946 0.5253165775210963
418.27929223035966 0.5247570669958295
418.6857832820898 0.5241975572646668
419.09227433382 0.5236380483293005
419.4987653855502 0.5230785401914271
419.9052564372804 0.5225190328527495
420.31174748901054 0.5219595263149753
420.71823854074074 0.5214000205798184
421.12472959247094 0.5208405156489974
421.5312206442011 0.5202810115242368
421.9377116959313 0.5197215082072669
422.3442027476615 0.5191620056998227
422.7506937993917 0.5186025040036457
423.1571848511218 0.5180430031204829
423.563675902852 0.5174835030520865
423.9701669545822 0.5169240038002147
424.3766580063124 0.5163645053666311
424.78314905804257 0.5158050077531057
425.18964010977277 0.5152455109614132
425.59613116150297 0.514686014993335
426.00262221323317 0.514126519850658
426.4091132649633 0.5135670255351745
426.8156043166935 0.5130075320486833
427.2220953684237 0.5124480393929886
427.62858642015385 0.5118885475699005
428.03507747188405 0.5113290565812356
428.44156852361425 0.5107695664288158
428.84805957534445 0.510210077114469
429.2545506270746 0.5096505886400297
429.6610416788048 0.5090911010073379
430.067532730535 0.5085316142182397
430.4740237822652 0.5079721282745872
430.88051483399533 0.5074126431782388
431.28700588572553 0.5068531589310593
431.69349693745573 0.506293675534919
432.0999879891859 0.5057341929916949
432.5064790409161 0.50517471130327
432.9129700926463 0.5046152304715334
433.3194611443765 0.504055750498381
433.7259521961066 0.5034962713857143
434.1324432478368 0.5029367931354419
434.538934299567 0.5023773157494777
434.9454253512972 0.5018178392297431
435.35191640302736 0.5012583635781654
435.75840745475756 0.5006988887966782
436.16489850648776 0.5001394148872215
436.57138955821796 0.49957994185174226
436.9778806099481 0.49902046969219355
437.3843716616783 0.4984609984105353
437.7908627134085 0.4979015280087337
438.19735376513864 0.4973420584887619
438.60384481686884 0.49678258985259954
439.01033586859904 0.49622312210223257
439.41682692032924 0.4956636552396543
439.8233179720594 0.49510418926686406
440.2298090237896 0.4945447241858688
440.6363000755198 0.49398525999868154
441.04279112725 0.4934257967073223
441.4492821789801 0.4928663343138182
441.8557732307103 0.49230687282020297
442.2622642824405 0.49174741222851714
442.66875533417067 0.4911879525408087
443.07524638590087 0.49062849375913226
443.48173743763107 0.49006903588554923
443.88822848936127 0.4895095789221286
444.2947195410914 0.48895012287094597
444.7012105928216 0.48839066773408457
445.1077016445518 0.48783121351363384
445.514192696282 0.48727176021169144
445.92068374801215 0.4867123078303616
446.32717479974235 0.48615285637175626
446.73366585147255 0.485593405837994
447.14015690320275 0.485033956231201
447.5466479549329 0.48447450755351085
447.9531390066631 0.4839150598070648
448.3596300583933 0.48335561299401053
448.76612111012344 0.4827961671165045
449.17261216185364 0.48223672217670954
449.57910321358383 0.4816772781767967
449.98559426531403 0.4811178351189439
450.3920853170442 0.4805583930053371
450.7985763687744 0.4799989518381701
451.2050674205046 0.47943951161964365
451.6115584722348 0.4788800723519668
452.0180495239649 0.47832063403735586
452.4245405756951 0.4777611966780354
452.8310316274253 0.47720176027623723
453.23752267915546 0.4766423248342015
453.64401373088566 0.4760828903541758
454.05050478261586 0.4755234568384158
454.45699583434606 0.4749640242891854
454.8634868860762 0.4744045927087557
455.2699779378064 0.4738451620994068
455.6764689895366 0.4732857324634259
456.0829600412668 0.4727263038031091
456.48945109299694 0.47216687612076025
456.89594214472714 0.4716074494186912
457.30243319645734 0.4710480236992225
457.70892424818754 0.4704885989646821
458.1154152999177 0.4699291752174072
458.5219063516479 0.46936975245974294
458.9283974033781 0.46881033069404243
459.3348884551082 0.46825090992266766
459.7413795068384 0.4676914901479892
460.1478705585686 0.4671320713723855
460.5543616102988 0.46657265359824396
460.96085266202897 0.4660132368279605
461.36734371375917 0.46545382106393945
461.77383476548937 0.46489440630859397
462.18032581721957 0.46433499256434607
462.5868168689497 0.46377557983362594
462.9933079206799 0.463216168118873
463.3997989724101 0.46265675742253537
463.80629002414025 0.46209734774707006
464.21278107587045 0.46153793909494306
464.61927212760065 0.4609785314686287
465.02576317933085 0.46041912487061115
465.432254231061 0.45985971930338326
465.8387452827912 0.4593003147694467
466.2452363345214 0.4587409112713125
466.6517273862516 0.45818150881150094
467.05821843798174 0.4576221073925412
467.46470948971194 0.45706270701697205
467.87120054144214 0.45650330768734126
468.27769159317234 0.4559439094062063
468.6841826449025 0.4553845121761334
469.0906736966327 0.4548251159996991
469.4971647483629 0.4542657208794886
469.903655800093 0.45370632681809697
470.3101468518232 0.45314693381812904
470.7166379035534 0.45258754188219885
471.1231289552836 0.45202815101293053
471.52962000701376 0.45146876121295726
471.93611105874396 0.45090937248492313
472.34260211047416 0.45034998483148075
472.74909316220436 0.4497905982552933
473.1555842139345 0.4492312127590339
473.5620752656647 0.44867182834538544
473.9685663173949 0.4481124450170406
474.37505736912505 0.44755306277670265
474.78154842085524 0.4469936816270845
475.18803947258544 0.44643430157090935
475.59453052431564 0.4458749226109109
476.0010215760458 0.4453155447498325
476.407512627776 0.4447561679904284
476.8140036795062 0.44419679233546283
477.2204947312364 0.44363741778771076
477.6269857829665 0.4430780443499572
478.0334768346967 0.44251867202499795
478.4399678864269 0.4419593008156395
478.84645893815707 0.4413999307246987
479.25294998988727 0.4408405617550033
479.65944104161747 0.44028119390939136
480.06593209334767 0.4397218271907124
480.4724231450778 0.43916246160182615
480.878914196808 0.4386030971456037
481.2854052485382 0.4380437338249265
481.6918963002684 0.43748437164268783
482.09838735199855 0.43692501060179156
482.50487840372875 0.43636565070515243
482.91136945545895 0.4358062919556968
483.31786050718915 0.4352469343563621
483.7243515589193 0.4346875779100971
484.1308426106495 0.43412822261986184
484.5373336623797 0.4335688684886278
484.94382471410984 0.4330095155193777
485.35031576584004 0.43245016371510653
485.75680681757024 0.43189081307881994
486.16329786930044 0.4313314636135355
486.5697889210306 0.430772115322283
486.9762799727608 0.43021276820810345
487.382771024491 0.42965342227404985
487.7892620762212 0.4290940775231869
488.1957531279513 0.4285347339585917
488.6022441796815 0.427975391583353
489.0087352314117 0.42741605040057157
489.41522628314186 0.42685671041336065
489.82171733487206 0.42629737162484527
490.22820838660226 0.4257380340381632
490.63469943833246 0.425178697656464
491.0411904900626 0.42461936248291016
491.4476815417928 0.4240600285206761
491.854172593523 0.42350069577294935
492.2606636452532 0.4229413642429295
492.66715469698335 0.4223820339338289
493.07364574871355 0.4218227048488731
493.48013680044374 0.4212633769912997
493.88662785217394 0.42070405036435954
494.2931189039041 0.42014472497131666
494.6996099556343 0.41958540081544765
495.1061010073645 0.4190260779000423
495.51259205909463 0.4184667562284034
495.91908311082483 0.4179074358038473
496.32557416255503 0.41734811662970334
496.7320652142852 0.41678879870931423
497.13855626601537 0.4162294820460361
497.54504731774557 0.41567016664323886
497.95153836947577 0.4151108525043055
498.35802942120597 0.4145515396326328
498.7645204729361 0.4139922280316315
499.1710115246663 0.4134329177047259
499.5775025763965 0.4128736086553542
499.98399362812665 0.4123143008869683
500.39048467985685 0.41175499440303454
500.79697573158705 0.41119568920703314
501.20346678331725 0.4106363853024581
501.6099578350474 0.4100770826928183
502.0164488867776 0.4095177813816368
502.4229399385078 0.40895848137245033
502.829430990238 0.40839918266881114
503.23592204196814 0.4078398852742852
503.64241309369834 0.4072805891924537
504.04890414542854 0.406721294426912
504.45539519715874 0.4061620009812708
504.8618862488889 0.405602708859155
505.2683773006191 0.4050434180642051
505.6748683523493 0.4044841286000762
506.0813594040794 0.4039248404704387
506.4878504558096 0.4033655536789783
506.8943415075398 0.4028062682293955
507.30083255927 0.40224698412540677
507.70732361100016 0.4016877013707437
508.11381466273036 0.4011284199691536
508.52030571446056 0.400569139924399
508.92679676619076 0.40000986124025856
509.3332878179209 0.3994505839205266
509.7397788696511 0.39889130796901356
510.1462699213813 0.39833203338954504
510.55276097311145 0.39777276018596375
510.95925202484165 0.3972134883621279
511.36574307657185 0.39665421792191213
511.77223412830205 0.3960949488692073
512.1787251800322 0.395535681207921
512.5852162317624 0.39497641494197727
512.9917072834926 0.3944171500753162
513.3981983352228 0.3938578866118952
513.804689386953 0.39329862455568837
514.2111804386832 0.3927393639106867
514.6176714904133 0.3921801046808979
515.0241625421435 0.3916208468703472
515.4306535938737 0.3910615904830766
515.8371446456039 0.39050233552314567
516.2436356973341 0.3899430819946312
516.6501267490643 0.38938382990162757
517.0566178007945 0.3888245792482466
517.4631088525246 0.38826533003861813
517.8695999042548 0.3877060822768896
518.276090955985 0.38714683596722577
518.6825820077152 0.38658759111381025
519.0890730594454 0.3860283477208442
519.4955641111756 0.3854691057925476
519.9020551629058 0.38490986533315774
520.308546214636 0.38435062634693135
520.715037266366 0.38379138883814284
521.1215283180962 0.3832321528110859
521.5280193698264 0.38267291827007244
521.9345104215566 0.3821136852194337
522.3410014732868 0.3815544536635191
522.747492525017 0.3809952236066979
523.1539835767472 0.3804359950533584
523.5604746284773 0.37987676800790776
523.9669656802075 0.37931754247477323
524.3734567319377 0.3787583184584006
524.7799477836679 0.3781990959632562
525.1864388353981 0.3776398749938255
525.5929298871283 0.3770806555546142
525.9994209388585 0.3765214376501479
526.4059119905886 0.3759622212849721
526.8124030423188 0.3754030064636529
527.218894094049 0.3748437931907759
527.6253851457792 0.37428458147094823
528.0318761975094 0.37372537130879696
528.4383672492396 0.37316616270896996
528.8448583009698 0.3726069556761359
529.2513493527 0.37204775021498465
529.6578404044301 0.3714885463302268
530.0643314561603 0.3709293440265944
530.4708225078905 0.3703701433088406
530.8773135596207 0.36981094418173993
531.2838046113509 0.3692517466500889
531.6902956630811 0.3686925507187057
532.0967867148113 0.36813335639242994
532.5032777665414 0.3675741636761234
532.9097688182716 0.3670149725746702
533.3162598700018 0.36645578309297644
533.722750921732 0.36589659523597046
534.1292419734622 0.3653374090086037
534.5357330251924 0.3647782244158497
534.9422240769226 0.364219041462705
535.3487151286528 0.36365986015418894
535.7552061803829 0.3631006804953442
536.161697232113 0.36254150249123657
536.5681882838433 0.3619823261469549
536.9746793355735 0.3614231514676119
537.3811703873037 0.3608639784583438
537.7876614390339 0.3603048071243104
538.194152490764 0.3597456374706959
538.6006435424941 0.35918646950270816
539.0071345942243 0.3586273032255798
539.4136256459545 0.3580681386445669
539.8201166976847 0.357508975764951
540.2266077494149 0.3569498145920379
540.6330988011451 0.3563906551311583
541.0395898528753 0.3558314973876679
541.4460809046054 0.3552723413669476
541.8525719563356 0.3547131870744036
542.2590630080658 0.3541540345154673
542.665554059796 0.3535948836955963
543.0720451115262 0.35303573462027354
543.4785361632564 0.35247658729500797
543.8850272149866 0.351917441725335
544.2915182667168 0.35135829791681555
544.6980093184469 0.35079915587503807
545.1045003701771 0.35024001560561674
545.5109914219073 0.3496808771141929
545.9174824736375 0.34912174040643473
546.3239735253677 0.3485626054880376
546.7304645770979 0.3480034723647243
547.1369556288281 0.3474443410422448
547.5434466805582 0.3468852115263773
547.9499377322884 0.3463260838229271
548.3564287840186 0.34576695793772794
548.7629198357488 0.34520783387664167
549.169410887479 0.3446487116455584
549.5759019392092 0.344089591250397
549.9823929909394 0.343530472697105
550.3888840426696 0.3429713559916588
550.7953750943997 0.3424122411400641
551.2018661461299 0.3418531281483557
551.6083571978601 0.34129401702259793
552.0148482495903 0.3407349077688847
552.4213393013205 0.34017580039334017
552.8278303530507 0.3396166949021182
553.2343214047809 0.33905759130140306
553.640812456511 0.3384984895974097
554.0473035082412 0.3379393897963835
554.4537945599714 0.33738029190460056
554.8602856117016 0.33682119592836846
555.2667766634318 0.33626210187402567
555.673267715162 0.33570300974794265
556.0797587668922 0.3351439195565211
556.4862498186224 0.33458483130619493
556.8927408703524 0.33402574500342985
557.2992319220826 0.33346666065472436
557.7057229738128 0.332907578266609
558.112214025543 0.33234849784564746
558.5187050772732 0.3317894193984363
558.9251961290034 0.33123034293160525
559.3316871807336 0.33067126845181755
559.7381782324637 0.3301121959657701
560.1446692841939 0.3295531254801939
560.5511603359241 0.3289940570018533
560.9576513876543 0.3284349905375479
561.3641424393845 0.32787592609411137
561.7706334911147 0.32731686367841256
562.1771245428449 0.3267578032973549
562.583615594575 0.3261987449578775
562.9901066463052 0.32563968866695475
563.3965976980354 0.32508063443159696
563.8030887497656 0.3245215822588505
564.2095798014958 0.323962532155798
564.616070853226 0.32340348412955816
565.0225619049562 0.32284443818728736
565.4290529566864 0.32228539433617825
565.8355440084165 0.3217263525834608
566.2420350601467 0.32116731293640305
566.6485261118769 0.3206082754023101
567.0550171636071 0.32004923998852564
567.4615082153373 0.3194902067024316
567.8679992670675 0.31893117555144834
568.2744903187977 0.31837214654303514
568.6809813705278 0.3178131196846906
569.087472422258 0.3172540949839526
569.4939634739882 0.3166950724483982
569.9004545257184 0.3161360520856453
570.3069455774486 0.3155770339033514
570.7134366291788 0.31501801790921474
571.119927680909 0.31445900411097466
571.5264187326392 0.313899992516411
571.9329097843693 0.3133409831333454
572.3394008360995 0.31278197596964136
572.7458918878297 0.3122229710332037
573.1523829395599 0.3116639683319799
573.55887399129 0.3111049678739603
573.9653650430203 0.3105459696671777
574.3718560947505 0.3099869737197082
574.7783471464805 0.3094279800396716
575.1848381982107 0.30886898863523143
575.5913292499409 0.308309999514595
575.9978203016711 0.30775101268601457
576.4043113534013 0.3071920281577869
576.8108024051315 0.306633045938254
577.2172934568617 0.306074066035803
577.6237845085918 0.3055150884588673
578.030275560322 0.3049561132159261
578.4367666120522 0.30439714031550474
578.8432576637824 0.3038381697661756
579.2497487155126 0.30327920157655847
579.6562397672428 0.30272023575532003
580.062730818973 0.3021612723111751
580.4692218707032 0.3016023112528865
580.8757129224333 0.3010433525892657
581.2822039741635 0.30048439632917306
581.6886950258937 0.2999254424815179
582.0951860776239 0.2993664910552592
582.5016771293541 0.29880754205940624
582.9081681810843 0.29824859550301824
583.3146592328145 0.2976896513952052
583.7211502845446 0.2971307097451285
584.1276413362748 0.296571770562001
584.534132388005 0.29601283385508653
584.9406234397352 0.2954538996337022
585.3471144914654 0.2948949679072174
585.7536055431956 0.2943360386850545
586.1600965949258 0.29377711197668926
586.566587646656 0.29321818779165143
586.9730786983861 0.29265926613952503
587.3795697501163 0.2921003470299487
587.7860608018465 0.2915414304726159
588.1925518535767 0.29098251647727597
588.5990429053069 0.2904236050537337
589.0055339570371 0.2898646962118511
589.4120250087673 0.28930578996154593
589.8185160604974 0.28874688631279394
590.2250071122276 0.28818798527562817
590.6314981639578 0.2876290868601396
591.037989215688 0.28707019107647824
591.4444802674182 0.2865112979348527
591.8509713191484 0.28595240744553135
592.2574623708786 0.28539351961884246
592.6639534226088 0.2848346344651744
593.0704444743388 0.2842757519949767
593.476935526069 0.2837168722187602
593.8834265777992 0.2831579951470974
594.2899176295294 0.28259912079062316
594.6964086812596 0.28204024916003523
595.1028997329898 0.28148138026609487
595.50939078472 0.28092251411962643
595.9158818364501 0.28036365073151936
596.3223728881803 0.27980479011272763
596.7288639399105 0.27924593227427014
597.1353549916407 0.2786870772272322
597.5418460433709 0.2781282249827651
597.9483370951011 0.27756937555208744
598.3548281468313 0.2770105289464849
598.7613191985614 0.27645168517731117
599.1678102502916 0.27589284425598865
599.5743013020218 0.2753340061940086
599.980792353752 0.27477517100293203
600.3872834054822 0.2742163386943902
600.7937744572124 0.27365750928008514
601.2002655089426 0.2730986827717901
601.6067565606728 0.2725398591813502
602.0132476124029 0.2719810385206834
602.4197386641331 0.2714222208017806
602.8262297158633 0.27086340603670594
603.2327207675935 0.2703045942375985
603.6392118193237 0.26974578541667216
604.0457028710539 0.2691869795862161
604.4521939227841 0.2686281767585958
604.8586849745142 0.2680693769462536
605.2651760262444 0.2675105801617092
605.6716670779746 0.2669517864175601
606.0781581297048 0.26639299572648284
606.484649181435 0.26583420810123326
606.8911402331652 0.2652754235546473
607.2976312848954 0.26471664209964163
607.7041223366256 0.2641578637492141
608.1106133883557 0.26359908851644454
608.5171044400859 0.2630403164144963
608.9235954918161 0.2624815474566151
609.3300865435463 0.26192278165613153
609.7365775952765 0.26136401902646095
610.1430686470067 0.2608052595811044
610.5495596987369 0.260246503333649
610.9560507504669 0.2596877502977689
611.3625418021971 0.2591290004872268
611.7690328539273 0.25857025391587285
612.1755239056575 0.2580115105976472
612.5820149573877 0.25745277054658017
612.9885060091179 0.25689403377679265
613.3949970608481 0.2563353003024973
613.8014881125783 0.25577657013799937
614.2079791643084 0.2552178432976973
614.6144702160386 0.2546591197960836
615.0209612677688 0.2541003996477452
615.427452319499 0.25354168286736556
615.8339433712292 0.2529829694697244
616.2404344229594 0.2524242594696986
616.6469254746896 0.25186555288226364
617.0534165264197 0.2513068497224938
617.4599075781499 0.25074815000556394
617.8663986298801 0.25018945374674895
618.2728896816103 0.24963076096142628
618.6793807333405 0.24907207166507564
619.0858717850707 0.24851338587328073
619.4923628368009 0.2479547036017293
619.898853888531 0.24739602486621504
620.3053449402612 0.246837349682638
620.7118359919914 0.24627867806700515
621.1183270437216 0.24572001003543234
621.5248180954518 0.24516134560414446
621.931309147182 0.24460268478947686
622.3378001989122 0.24404402760787627
622.7442912506424 0.24348537407590143
623.1507823023725 0.2429267242102248
623.5572733541027 0.24236807802763316
623.9637644058329 0.2418094355450285
624.3702554575631 0.2412507967794296
624.7767465092933 0.24069216174797256
625.1832375610235 0.2401335304679124
625.5897286127537 0.2395749029566238
625.9962196644838 0.23901627923160218
626.402710716214 0.23845765931046528
626.8092017679442 0.23789904321095345
627.2156928196744 0.23734043095093174
627.6221838714046 0.2367818225483905
628.0286749231348 0.23622321802144666
628.435165974865 0.23566461738834515
628.8416570265952 0.2351060206674596
629.2481480783252 0.23454742787729407
629.6546391300554 0.23398883903648424
630.0611301817856 0.23343025416379795
630.4676212335158 0.23287167327813746
630.874112285246 0.23231309639854034
631.2806033369762 0.23175452354418036
631.6870943887064 0.23119595473436935
632.0935854404365 0.23063738998855834
632.5000764921667 0.23007882932633894
632.9065675438969 0.22952027276744408
633.3130585956271 0.22896172033175055
633.7195496473573 0.22840317203927954
634.1260406990875 0.22784462791019836
634.5325317508177 0.2272860879648216
634.9390228025478 0.22672755222361282
635.345513854278 0.22616902070718617
635.7520049060082 0.22561049343630707
636.1584959577384 0.22505197043189476
636.5649870094686 0.2244934517150232
636.9714780611988 0.2239349373069226
637.377969112929 0.2233764272289811
637.7844601646592 0.22281792150274643
638.1909512163893 0.2222594201499274
638.5974422681195 0.22170092319239543
639.0039333198497 0.22114243065218606
639.4104243715799 0.22058394255150096
639.8169154233101 0.22002545891270955
640.2234064750403 0.21946697975835053
640.6298975267705 0.21890850511113327
641.0363885785006 0.21835003499394043
641.4428796302308 0.21779156942982894
641.849370681961 0.21723310844203167
642.2558617336912 0.2166746520539602
642.6623527854214 0.21611620028920558
643.0688438371516 0.21555775317154094
643.4753348888818 0.2149993107249227
643.881825940612 0.21444087297349315
644.2883169923421 0.21388243994158174
644.6948080440723 0.21332401165370776
645.1012990958025 0.21276558813458107
645.5077901475327 0.21220716940910558
645.9142811992629 0.21164875550238033
646.3207722509931 0.21109034643970184
646.7272633027233 0.21053194224656602
647.1337543544533 0.2099735429486705
647.5402454061835 0.2094151485719167
647.9467364579137 0.20885675914241156
648.353227509644 0.2082983746864704
648.7597185613741 0.20773999523061892
649.1662096131043 0.207181620801595
649.5727006648345 0.20662325142635166
649.9791917165647 0.2060648871320588
650.3856827682948 0.205506527946106
650.792173820025 0.2049481738961046
651.1986648717552 0.20438982500988967
651.6051559234854 0.2038314813155236
652.0116469752156 0.2032731428412975
652.4181380269458 0.20271480961573426
652.824629078676 0.2021564816675909
653.2311201304061 0.20159815902586112
653.6376111821363 0.2010398417197779
654.0441022338665 0.20048152977881614
654.4505932855967 0.19992322323269537
654.8570843373269 0.1993649221113826
655.2635753890571 0.19880662644509486
655.6700664407873 0.19824833626430197
656.0765574925174 0.19769005159972944
656.4830485442476 0.19713177248236177
656.8895395959778 0.1965734989434441
657.296030647708 0.19601523101448684
657.7025216994382 0.19545696872726726
658.1090127511684 0.1948987121138334
658.5155038028986 0.19434046120650667
658.9219948546288 0.19378221603788512
659.3284859063589 0.1932239766408467
659.7349769580891 0.19266574304855247
660.1414680098193 0.19210751529444917
660.5479590615495 0.1915492934122737
660.9544501132797 0.1909910774360558
661.3609411650099 0.19043286740012136
661.7674322167401 0.18987466333909617
662.1739232684702 0.18931646528790913
662.5804143202004 0.18875827328179612
662.9869053719306 0.18820008735630323
663.3933964236608 0.18764190754729065
663.799887475391 0.18708373389093655
664.2063785271212 0.18652556642374035
664.6128695788514 0.1859674051825271
665.0193606305816 0.1854092502044508
665.4258516823116 0.18485110152699874
665.8323427340418 0.18429295918799554
666.238833785772 0.18373482322560647
666.6453248375022 0.18317669367834263
667.0518158892324 0.1826185705850644
667.4583069409626 0.182060453984986
667.8647979926928 0.18150234391767947
668.2712890444229 0.18094424042307936
668.6777800961531 0.1803861435414873
669.0842711478833 0.1798280533135756
669.4907621996135 0.17926996978039292
669.8972532513437 0.17871189298336854
670.3037443030739 0.17815382296431675
670.7102353548041 0.17759575976544204
671.1167264065343 0.17703770342934363
671.5232174582644 0.1764796539990208
671.9297085099946 0.17592161151787755
672.3361995617248 0.17536357602972774
672.742690613455 0.17480554757880043
673.1491816651852 0.1742475262097451
673.5556727169154 0.17368951196763704
673.9621637686456 0.1731315048979824
674.3686548203757 0.17257350504672417
674.7751458721059 0.17201551246024777
675.1816369238361 0.1714575271853859
675.5881279755663 0.1708995492694257
675.9946190272965 0.17034157876011347
676.4011100790267 0.16978361570566128
676.8076011307569 0.1692256601547528
677.214092182487 0.16866771215654924
677.6205832342172 0.1681097717606964
678.0270742859474 0.16755183901732978
678.4335653376776 0.1669939139770823
678.8400563894078 0.16643599669109024
679.246547441138 0.16587808721100006
679.6530384928682 0.16532018558897504
680.0595295445984 0.1647622918777026
680.4660205963285 0.1642044061304009
680.8725116480587 0.1636465284008263
681.2790026997889 0.16308865874328016
681.6854937515191 0.16253079721261696
682.0919848032493 0.1619729438642513
682.4984758549795 0.16141509875416563
682.9049669067097 0.16085726193891808
683.3114579584397 0.1602994334756505
683.71794901017 0.15974161342209625
684.1244400619001 0.1591838018365884
684.5309311136303 0.15862599877806835
684.9374221653605 0.15806820430609408
685.3439132170907 0.15751041848084887
685.750404268821 0.15695264136314985
686.1568953205511 0.15639487301445726
686.5633863722812 0.15583711349688328
686.9698774240114 0.15527936287320152
687.3763684757416 0.1547216212068559
687.7828595274718 0.1541638885619709
688.189350579202 0.1536061650033611
688.5958416309322 0.15304845059654074
689.0023326826624 0.15249074540773433
689.4088237343925 0.15193304950388645
689.8153147861227 0.1513753629526729
690.2218058378529 0.15081768582251026
690.6282968895831 0.15026001818256804
691.0347879413133 0.14970236010277885
691.4412789930435 0.14914471165385007
691.8477700447737 0.14858707290727508
692.2542610965038 0.14802944393534506
692.660752148234 0.14747182481116106
693.0672431999642 0.14691421560864545
693.4737342516944 0.14635661640255523
693.8802253034246 0.14579902726849403
694.2867163551548 0.14524144828292496
694.693207406885 0.14468387952318384
695.0996984586152 0.14412632106749235
695.5061895103453 0.14356877299497176
695.9126805620755 0.14301123538565672
696.3191716138057 0.14245370832050896
696.7256626655359 0.14189619188143238
697.1321537172661 0.14133868615128728
697.5386447689963 0.1407811912139052
697.9451358207265 0.14022370715410432
698.3516268724566 0.13966623405770495
698.7581179241868 0.13910877201154548
699.164608975917 0.13855132110349805
699.5711000276472 0.13799388142248561
699.9775910793774 0.13743645305849847
700.3840821311076 0.13687903610261132
700.7905731828378 0.13632163064700079
701.197064234568 0.13576423678496335
701.603555286298 0.13520685461093349
702.0100463380282 0.1346494842205021
702.4165373897584 0.1340921257104353
702.8230284414886 0.13353477917869447
703.2295194932188 0.13297744472445516
703.636010544949 0.13242012244812776
704.0425015966792 0.13186281245137765
704.4489926484093 0.1313055148371466
704.8554837001395 0.13074822970967392
705.2619747518697 0.13019095717451795
705.6684658035999 0.12963369733857943
706.0749568553301 0.12907645031012344
706.4814479070603 0.1285192161988029
706.8879389587905 0.12796199511568251
707.2944300105207 0.12740478717326295
707.7009210622508 0.12684759248550564
708.107412113981 0.12629041116785844
708.5139031657112 0.12573324333728073
708.9203942174414 0.125176089112271
709.3268852691716 0.12461894861289324
709.7333763209018 0.12406182196080474
710.139867372632 0.12350470927928439
710.5463584243621 0.12294761069326154
710.9528494760923 0.12239052632934581
711.3593405278225 0.12183345631585657
711.7658315795527 0.12127640078285487
712.1723226312829 0.12071935986217426
712.5788136830131 0.12016233368745356
712.9853047347433 0.11960532239416945
713.3917957864734 0.1190483261196708
713.7982868382036 0.11849134500321312
714.2047778899338 0.11793437918599332
714.611268941664 0.11737742881118707
715.0177599933942 0.11682049402398495
715.4242510451244 0.11626357497163084
715.8307420968546 0.11570667180346061
716.2372331485848 0.11514978467094186
716.6437242003149 0.11459291372771468
717.0502152520451 0.11403605912963352
717.4567063037753 0.1134792210348091
717.8631973555055 0.11292239960365334
718.2696884072357 0.1123655949989231
718.6761794589659 0.1118088073857666
719.0826705106961 0.11125203693177022
719.4891615624261 0.11069528380700674
719.8956526141563 0.11013854818408478
720.3021436658865 0.10958183023819873
720.7086347176167 0.10902513014718161
721.115125769347 0.10846844809155763
721.5216168210771 0.10791178425459669
721.9281078728073 0.10735513882237033
722.3345989245375 0.10679851198380912
722.7410899762676 0.10624190393076126
723.1475810279978 0.10568531485805319
723.554072079728 0.1051287449635507
723.9605631314582 0.10457219444822341
724.3670541831884 0.10401566351620917
724.7735452349186 0.10345915237488121
725.1800362866488 0.10290266123491659
725.5865273383789 0.10234619031036683
725.9930183901091 0.10178973981873012
726.3995094418393 0.10123330998102525
726.8060004935695 0.1006769010218686
727.2124915452997 0.10012051316955196
727.6189825970299 0.09956414665612323
728.0254736487601 0.09900780171746901
728.4319647004902 0.09845147859339966
728.8384557522204 0.09789517752773678
729.2449468039506 0.09733889876840239
729.6514378556808 0.09678264256751218
730.057928907411 0.09622640918146975
730.4644199591412 0.09567019887106452
730.8709110108714 0.09511401190157204
731.2774020626016 0.09455784854285722
731.6838931143317 0.09400170906948083
732.0903841660619 0.09344559376080877
732.4968752177921 0.09288950290112419
732.9033662695223 0.09233343677974427
733.3098573212525 0.09177739569113884
733.7163483729827 0.09122137993505346
734.1228394247129 0.0906653898166359
734.529330476443 0.09010942564656653
734.9358215281732 0.0895534877411928
735.3423125799034 0.08899757642266694
735.7488036316336 0.08844169201908948
736.1552946833638 0.08788583486465583
736.561785735094 0.08733000529980782
736.9682767868242 0.08677420367139026
737.3747678385544 0.08621843033281189
737.7812588902844 0.08566268564421203
738.1877499420146 0.08510696997263223
738.5942409937448 0.08455128369219266
739.000732045475 0.08399562718427613
739.4072230972052 0.08344000083771601
739.8137141489354 0.08288440504899156
740.2202052006656 0.08232884022242903
740.6266962523957 0.08177330677040985
741.0331873041259 0.08121780511358559
741.4396783558561 0.08066233568109953
741.8461694075863 0.08010689891081721
742.2526604593165 0.07955149524956329
742.6591515110467 0.07899612515336707
743.0656425627769 0.07844078908771676
743.4721336145071 0.07788548752782203
743.8786246662372 0.07733022095888616
744.2851157179674 0.0767749898763877
744.6916067696976 0.0762197947863713
745.0980978214278 0.07566463620575059
745.504588873158 0.0751095146626203
745.9110799248882 0.07455443069658044
746.3175709766184 0.07399938485907213
746.7240620283485 0.07344437771372592
747.1305530800787 0.07288940983672272
747.5370441318089 0.0723344818171679
747.9435351835391 0.07177959425748047
748.3500262352693 0.07122474777379607
748.7565172869995 0.07066994299638521
749.1630083387297 0.07011518057008818
749.5694993904598 0.06956046115476634
749.97599044219 0.0690057854257713
750.3824814939202 0.06845115407443157
750.7889725456504 0.06789656780856032
751.1954635973806 0.06734202735298152
751.6019546491108 0.06678753345007817
752.008445700841 0.06623308686036256
752.4149367525712 0.0656786883630698
752.8214278043013 0.06512433875677566
753.2279188560315 0.06457003886004063
753.6344099077617 0.06401578951207951
754.0409009594919 0.06346159157346146
754.4473920112221 0.06290744592683781
754.8538830629523 0.062353353477702135
755.2603741146825 0.061799315155183054
755.6668651664125 0.06124533191287143
756.0733562181427 0.06069140472968452
756.479847269873 0.06013753461076738
756.8863383216031 0.0595837225884365
757.2928293733333 0.05902996972316426
757.6993204250635 0.058476277104609474
758.1058114767937 0.05792264585269482
758.512302528524 0.05736907711873462
758.918793580254 0.056815572086615335
759.3252846319842 0.05626213197403227
759.7317756837144 0.05570875803378436
760.1382667354446 0.05515545155513316
760.5447577871748 0.0546022138652264
760.951248838905 0.054049046330592224
761.3577398906352 0.05349595035870766
761.7642309423653 0.05294292739964555
762.1707219940955 0.05238997894780517
762.5772130458257 0.05183710654373052
762.9837040975559 0.05128431177602421
763.3901951492861 0.05073159628335971
763.7966862010163 0.050178961756600436
764.2031772527465 0.04962640994103179
764.6096683044767 0.04907394263871335
765.0161593562068 0.048521561710959164
765.422650407937 0.047969269080954724
765.8291414596672 0.04741706673651887
766.2356325113974 0.046864956733022496
766.6421235631276 0.046312941196471905
767.0486146148578 0.04576102232677026
767.455105666588 0.04520920240116871
767.8615967183181 0.04465748377792081
768.2680877700483 0.04410586890015455
768.6745788217785 0.043554360299977155
769.0810698735087 0.04300296060283182
769.4875609252389 0.04245167253212167
769.8940519769691 0.04190049891412366
770.3005430286993 0.041349442683213083
770.7070340804294 0.04079850688742294
771.1135251321596 0.040247694694363984
771.5200161838898 0.03969700939753331
771.92650723562 0.03914645442304435
772.3329982873502 0.03859603333680941
772.7394893390804 0.03804574985221405
773.1459803908106 0.03749560783832319
773.5524714425408 0.036945611328663606
773.9589624942708 0.036395764530632216
774.365453546001 0.03584607183558413
774.7719445977312 0.035296537829659254
775.1784356494614 0.0347471673054154
775.5849267011916 0.03419796527433761
775.9914177529218 0.03364893698030623
776.397908804652 0.03310008791411189
776.8043998563821 0.03255142382911659
777.2108909081123 0.03200295075817057
777.6173819598425 0.03145467503190672
778.0238730115727 0.030906603298550953
778.4303640633029 0.0303587425453979
778.8368551150331 0.029811100122124814
779.2433461667633 0.029263683766133506
779.6498372184935 0.02871650163013548
780.0563282702236 0.028169562312221164
780.4628193219538 0.027622874888685898
780.869310373684 0.027076448949919056
781.2758014254142 0.026530294639706565
781.6822924771444 0.025984422698338526
782.0887835288746 0.02543884450997317
782.4952745806048 0.024893572154767812
782.9017656323349 0.02434861846636132
783.3082566840651 0.023803997095377658
783.7147477357953 0.023259722579718194
784.1212387875255 0.022715810422529976
784.5277298392557 0.022172277178868823
784.9342208909859 0.02162914055224252
785.3407119427161 0.021086419502407763
785.7472029944462 0.020544134366022107
786.1536940461764 0.0200023069920231
786.5601850979066 0.019460960893929635
786.9666761496368 0.01892012142165265
787.373167201367 0.01837981595586716
787.7796582530972 0.017840074128571318
788.1861493048274 0.017300928074148278
788.5926403565576 0.0167624127160946
788.9991314082877 0.016224566095620303
789.4056224600179 0.015687429749612524
789.8121135117481 0.015151049147051997
790.2186045634783 0.014615474194972274
790.6250956152085 0.014080759827556593
791.0315866669387 0.01354696669514891
791.4380777186689 0.013014161973997023
791.844568770399 0.012482420322734687
792.2510598221292 0.011951825018313066
792.6575508738593 0.011422469312821903
