time d2_fe
0.0 1.100000000000001
0.4064910517301843 1.100000000000001
0.8129821034603686 1.0994500896530581
1.2194731551905529 1.0988995768219691
1.6259642069207372 1.0983484956548615
2.0324552586509217 1.097796878426176
2.4389463103811058 1.0972447556334404
2.84543736211129 1.096692156089676
3.2519284138414744 1.0961391070115605
3.658419465571659 1.09558563410348
4.064910517301843 1.0950317616376106
4.471401569032027 1.0944775125301625
4.8778926207622115 1.0939229084139264
5.284383672492396 1.0933679697072658
5.69087472422258 1.0928127156796907
6.097365775952764 1.0922571645141506
6.503856827682949 1.0917013333661851
6.910347879413133 1.091145238420064
7.316838931143318 1.090588894942047
7.723329982873501 1.0900323173308952
8.129821034603687 1.0894755191657517
8.53631208633387 1.088918513251517
8.942803138064054 1.0883613116618356
9.34929418979424 1.0878039257798042
9.755785241524423 1.0872463663365182
10.162276293254607 1.0866886434475473
10.568767344984792 1.0861307666474582
10.975258396714976 1.0855727449224697
11.38174944844516 1.0850145867413394
11.788240500175345 1.0844563000845688
12.194731551905528 1.083897892472013
12.601222603635714 1.0833393709889767
13.007713655365897 1.082780742310878
13.414204707096081 1.0822220127265474
13.820695758826266 1.0816631881602423
14.22718681055645 1.081104274192437
14.633677862286635 1.0805452760794563
15.040168914016819 1.0799861987720172
15.446659965747003 1.07942704693273
15.853151017477188 1.078867824952624
16.259642069207374 1.0783085369667396
16.666133120937555 1.077749186868846
17.07262417266774 1.0771897783253326
17.479115224397926 1.0766303147883076
17.885606276128108 1.076070799507964
18.292097327858293 1.0755112355442384
18.69858837958848 1.0749516257778131
19.10507943131866 1.074391972920487
19.511570483048846 1.0738322795249604
19.91806153477903 1.073272547994062
20.324552586509213 1.0727127805894432
20.7310436382394 1.0721529794397824
21.137534689969584 1.0715931465485156
21.544025741699766 1.0710332838011238
21.95051679342995 1.0704733929720043
22.357007845160137 1.0699134757309428
22.76349889689032 1.0693535336492201
23.169989948620504 1.0687935682053589
23.57648100035069 1.0682335807905465
23.982972052080875 1.0676735727137392
24.389463103811057 1.067113545206476
24.795954155541242 1.0665534994274102
25.202445207271428 1.0659934364665817
25.60893625900161 1.0654333573494397
26.015427310731795 1.0648732630406332
26.42191836246198 1.0643131544475815
26.828409414192162 1.063753032423838
27.234900465922347 1.0631928977722551
27.641391517652533 1.0626327512479705
28.047882569382715 1.0620725935612143
28.4543736211129 1.0615124253799553
28.860864672843086 1.0609522473323934
29.26735572457327 1.0603920600093042
29.673846776303453 1.0598318639662505
30.080337828033638 1.0592716597256586
30.486828879763824 1.0587114477787787
30.893319931494005 1.0581512285875296
31.29981098322419 1.057591002586233
31.706302034954376 1.0570307701832464
32.11279308668456 1.0564705317625043
32.51928413841475 1.0559102876849629
32.925775190144925 1.055350038289965
33.33226624187511 1.0547897838965214
33.738757293605296 1.0542295248045204
34.14524834533548 1.053669261295861
34.55173939706567 1.0531089936355247
34.95823044879585 1.0525487220725818
35.36472150052603 1.0519884468411373
35.771212552256216 1.0514281681612225
36.1777036039864 1.0508678862396328
36.58419465571659 1.0503076012707204
36.99068570744677 1.0497473134371318
37.39717675917696 1.0491870229105096
37.803667810907136 1.0486267298521486
38.21015886263732 1.0480664344136141
38.61664991436751 1.0475061367373253
39.02314096609769 1.0469458369570996
39.42963201782788 1.046385535198669
39.83612306955806 1.0458252315801644
40.24261412128825 1.0452649262125715
40.64910517301843 1.0447046192001583
41.05559622474861 1.0441443106408783
41.4620872764788 1.0435840006267494
41.86857832820898 1.0430236892442104
42.27506937993917 1.0424633765744575
42.681560431669354 1.0419030626937575
43.08805148339953 1.041342747673745
43.49454253512972 1.0407824315817025
43.9010335868599 1.0402221144808201
44.30752463859009 1.039661796430444
44.714015690320274 1.0391014774863085
45.12050674205046 1.0385411577007515
45.52699779378064 1.037980837122921
45.93348884551082 1.0374205157989693
46.33997989724101 1.0368601937722313
46.746470948971194 1.0362998710833948
47.15296200070138 1.0357395477706641
47.559453052431564 1.035179223869906
47.96594410416175 1.034618899414794
48.37243515589193 1.03405857443694
48.77892620762211 1.0334982489660203
49.1854172593523 1.0329379230298918
49.591908311082484 1.0323775966547035
49.99839936281267 1.0318172698649986
50.404890414542855 1.031256942683814
50.81138146627303 1.030696615132771
51.21787251800322 1.0301362872321613
51.624363569733404 1.029575959001027
52.03085462146359 1.0290156304572387
52.437345673193775 1.0284553016175666
52.84383672492396 1.0278949724977435
53.250327776654146 1.0273346431125352
53.656818828384324 1.026774313475793
54.06330988011451 1.0262139836005129
54.469800931844695 1.0256536534988874
54.87629198357488 1.0250933231823545
55.282783035305066 1.024532992661642
55.68927408703525 1.023972661946814
56.09576513876543 1.0234123310473107
56.502256190495615 1.0228519999719836
56.9087472422258 1.0222916687291366
57.315238293955986 1.0217313373265555
57.72172934568617 1.0211710057715406
58.12822039741636 1.0206106740709393
58.53471144914654 1.0200503422311693
58.94120250087672 1.0194900102582494
59.347693552606906 1.0189296781578203
59.75418460433709 1.018369345935172
60.160675656067276 1.0178090135952595
60.56716670779746 1.0172486811427306
60.97365775952765 1.016688348581939
61.380148811257826 1.0161280159169648
61.78663986298801 1.0155676831516316
62.193130914718196 1.0150073502895218
62.59962196644838 1.0144470173339912
63.00611301817857 1.0138866842881837
63.41260406990875 1.013326351155044
63.81909512163893 1.0127660179373306
64.22558617336912 1.0122056846376246
64.63207722509931 1.0116453512583459
65.0385682768295 1.011085017801757
65.44505932855967 1.0105246842699784
65.85155038028985 1.0099643506649927
66.25804143202004 1.0094040169886573
66.66453248375022 1.0088436832427077
67.0710235354804 1.0082833494287702
67.47751458721059 1.0077230155483639
67.88400563894078 1.0071626816029102
68.29049669067096 1.006602347593739
68.69698774240115 1.0060420135220922
69.10347879413133 1.0054816793891308
69.50996984586152 1.00492134519594
69.9164608975917 1.0043610109435337
70.32295194932188 1.0038006766328587
70.72944300105206 1.0032403422647982
71.13593405278225 1.002680007840178
71.54242510451243 1.002119673359767
71.94891615624262 1.0015593388242843
72.3554072079728 1.0009990042343988
72.76189825970299 1.000438669590735
73.16838931143317 0.9998783348938738
73.57488036316336 0.9993180001443572
73.98137141489354 0.9987576653426885
74.38786246662373 0.9981973304893373
74.79435351835392 0.9976369955847391
75.2008445700841 0.9970766606292991
75.60733562181427 0.9965163256233933
76.01382667354446 0.9959559905673712
76.42031772527464 0.9953956554615557
76.82680877700483 0.9948353203062473
77.23329982873501 0.9942749851017229
77.6397908804652 0.9937146498482395
78.04628193219538 0.9931543145460346
78.45277298392557 0.9925939791953259
78.85926403565576 0.9920336437963146
79.26575508738594 0.9914733083491867
79.67224613911613 0.9909129728541122
80.07873719084631 0.990352637311247
80.4852282425765 0.9897923017207333
80.89171929430667 0.9892319660827019
81.29821034603685 0.9886716303972718
81.70470139776704 0.9881112946645491
82.11119244949722 0.9875509588846328
82.51768350122741 0.9869906230576101
82.9241745529576 0.9864302871835597
83.33066560468778 0.985869951262552
83.73715665641797 0.9853096152946499
84.14364770814815 0.9847492792799084
84.55013875987834 0.9841889432183749
84.95662981160852 0.9836286071100921
85.36312086333871 0.9830682709550951
85.7696119150689 0.9825079347534139
86.17610296679906 0.981947598505073
86.58259401852925 0.9813872622100916
86.98908507025943 0.9808269258684851
87.39557612198962 0.9802665894802635
87.8020671737198 0.979706253045433
88.20855822544999 0.9791459165639964
88.61504927718018 0.9785855800359523
89.02154032891036 0.9780252434612963
89.42803138064055 0.9774649068400203
89.83452243237073 0.9769045701721131
90.24101348410092 0.9763442334575623
90.6475045358311 0.9757838966963505
91.05399558756127 0.975223559888459
91.46048663929146 0.9746632230338677
91.86697769102165 0.9741028861325528
92.27346874275183 0.973542549184489
92.67995979448202 0.9729822121896495
93.0864508462122 0.972421875148005
93.49294189794239 0.971861538059525
93.89943294967257 0.9713012009241769
94.30592400140276 0.9707408637419278
94.71241505313294 0.970180526512742
95.11890610486313 0.9696201892365838
95.52539715659331 0.9690598519134144
95.9318882083235 0.9684995145431957
96.33837926005367 0.967939177125888
96.74487031178386 0.9673788396614496
97.15136136351404 0.9668185021498392
97.55785241524423 0.9662581645910139
97.96434346697441 0.9656978269849296
98.3708345187046 0.9651374893315423
98.77732557043478 0.9645771516308065
99.18381662216497 0.9640168138826765
99.59030767389515 0.9634564760871049
99.99679872562534 0.9628961382440457
100.40328977735552 0.9623358003534497
100.80978082908571 0.9617754624152691
101.2162718808159 0.9612151244294547
101.62276293254607 0.9606547863959568
102.02925398427625 0.9600944483147258
102.43574503600644 0.9595341101857111
102.84223608773662 0.9589737720088615
103.24872713946681 0.9584134337841257
103.655218191197 0.9578530955114525
104.06170924292718 0.9572927571907889
104.46820029465736 0.9567324188220834
104.87469134638755 0.9561720804052823
105.28118239811774 0.9556117419403332
105.68767344984792 0.955051403427182
106.0941645015781 0.9544910648657754
106.50065555330829 0.9539307262560595
106.90714660503846 0.9533703875979797
107.31363765676865 0.9528100488914811
107.72012870849883 0.9522497101365097
108.12661976022902 0.95168937133301
108.5331108119592 0.9511290324809264
108.93960186368939 0.950568693580204
109.34609291541958 0.9500083546307865
109.75258396714976 0.9494480156326186
110.15907501887995 0.9488876765856437
110.56556607061013 0.9483273374898054
110.97205712234032 0.9477669983450474
111.3785481740705 0.9472066591513131
111.78503922580069 0.9466463199085454
112.19153027753086 0.9460859806166872
112.59802132926104 0.9455256412756815
113.00451238099123 0.9449653018854706
113.41100343272142 0.9444049624459971
113.8174944844516 0.9438446229572035
114.22398553618179 0.9432842834190315
114.63047658791197 0.9427239438314232
115.03696763964216 0.9421636041943207
115.44345869137234 0.9416032645076655
115.84994974310253 0.941042924771399
116.25644079483271 0.9404825849854629
116.6629318465629 0.939922245149798
117.06942289829308 0.9393619052643462
117.47591395002325 0.9388015653290477
117.88240500175344 0.9382412253438435
118.28889605348363 0.9376808853086747
118.69538710521381 0.9371205452234815
119.101878156944 0.9365602050882045
119.50836920867418 0.9359998649027842
119.91486026040437 0.9354395246671604
120.32135131213455 0.9348791843812738
120.72784236386474 0.9343188440450637
121.13433341559492 0.93375850365847
121.54082446732511 0.933198163221433
121.9473155190553 0.9326378227338918
122.35380657078547 0.9320774821957859
122.76029762251565 0.9315171416070548
123.16678867424584 0.9309568009676373
123.57327972597602 0.9303964602774731
123.97977077770621 0.9298361195365009
124.38626182943639 0.9292757787446595
124.79275288116658 0.9287154379018874
125.19924393289676 0.928155097008124
125.60573498462695 0.9275947560633071
126.01222603635713 0.9270344150673752
126.41871708808732 0.9264740740202668
126.8252081398175 0.9259137329219198
127.23169919154769 0.9253533917722726
127.63819024327786 0.9247930505712626
128.04468129500805 0.9242327093188281
128.45117234673825 0.923672368014906
128.85766339846842 0.9231120266594349
129.26415445019862 0.9225516852523514
129.6706455019288 0.9219913437935934
130.077136553659 0.9214310022830976
130.48362760538916 0.9208706607208015
130.89011865711933 0.920310319106642
131.29660970884953 0.9197499774405555
131.7031007605797 0.9191896357224794
132.1095918123099 0.91862929395235
132.51608286404007 0.9180689521301036
132.92257391577027 0.9175086102556769
133.32906496750044 0.916948268329006
133.73555601923064 0.9163879263500273
134.1420470709608 0.9158275843186764
134.548538122691 0.9152672422348895
134.95502917442118 0.9147069000986023
135.36152022615136 0.9141465579097505
135.76801127788156 0.9135862156682695
136.17450232961173 0.9130258733740948
136.58099338134193 0.912465531027162
136.9874844330721 0.9119051886274058
137.3939754848023 0.9113448461747613
137.80046653653247 0.910784503669164
138.20695758826267 0.9102241611105482
138.61344863999284 0.9096638184988486
139.01993969172304 0.9091034758340001
139.4264307434532 0.9085431331159369
139.8329217951834 0.9079827903445935
140.23941284691358 0.9074224475199041
140.64590389864375 0.9068621046418026
141.05239495037395 0.9063017617102234
141.45888600210412 0.9057414187250996
141.86537705383432 0.9051810756863654
142.2718681055645 0.9046207325939545
142.6783591572947 0.9040603894478005
143.08485020902486 0.9035000462478361
143.49134126075506 0.9029397029939952
143.89783231248524 0.9023793596862103
144.30432336421543 0.9018190163244151
144.7108144159456 0.9012586729085416
145.1173054676758 0.9006983294385232
145.52379651940598 0.9001379859142924
145.93028757113615 0.8995776423357813
146.33677862286635 0.8990172987029226
146.74326967459652 0.8984569550156485
147.14976072632672 0.897896611273891
147.5562517780569 0.897336267477582
147.9627428297871 0.8967759236266534
148.36923388151726 0.8962155797210372
148.77572493324746 0.8956552357606642
149.18221598497763 0.8950948917454667
149.58870703670783 0.8945345476753757
149.995198088438 0.8939742035503222
150.4016891401682 0.8934138593702374
150.80818019189837 0.8928535151350525
151.21467124362854 0.8922931708446982
151.62116229535874 0.8917328264991049
152.02765334708891 0.8911724820982032
152.43414439881911 0.8906121376419237
152.84063545054929 0.8900517931301966
153.24712650227949 0.8894914485629523
153.65361755400966 0.8889311039401204
154.06010860573986 0.8883707592616308
154.46659965747003 0.8878104145274135
154.87309070920023 0.8872500697373984
155.2795817609304 0.8866897248915141
155.6860728126606 0.8861293799896908
156.09256386439077 0.8855690350318572
156.49905491612094 0.8850086900179428
156.90554596785114 0.8844483449478762
157.3120370195813 0.8838879998215863
157.7185280713115 0.8833276546390019
158.12501912304168 0.8827673094000513
158.53151017477188 0.882206964104663
158.93800122650205 0.8816466187527656
159.34449227823225 0.881086273344287
159.75098332996242 0.880525927879155
160.15747438169262 0.8799655823572977
160.5639654334228 0.8794052367786427
160.970456485153 0.8788448911431176
161.37694753688316 0.8782845454506499
161.78343858861334 0.8777241997011671
162.18992964034354 0.8771638538945958
162.5964206920737 0.8766035080308635
163.0029117438039 0.8760431621098969
163.40940279553408 0.875482816131623
163.81589384726428 0.8749224700959679
164.22238489899445 0.8743621240028585
164.62887595072465 0.8738017778522212
165.03536700245482 0.8732414316439817
165.44185805418502 0.8726810853780663
165.8483491059152 0.8721207390544011
166.2548401576454 0.8715603926729114
166.66133120937556 0.8710000462335232
167.06782226110573 0.8704396997361619
167.47431331283593 0.8698793531807526
167.8808043645661 0.8693190065672205
168.2872954162963 0.868758659895491
168.69378646802647 0.8681983131654888
169.10027751975667 0.8676379663771383
169.50676857148684 0.8670776195303648
169.91325962321704 0.8665172726250919
170.31975067494722 0.8659569256612445
170.72624172667742 0.8653965786387466
171.1327327784076 0.8648362315575222
171.5392238301378 0.8642758844174951
171.94571488186796 0.8637155372185892
172.35220593359813 0.8631551899607279
172.75869698532833 0.8625948426438346
173.1651880370585 0.8620344952678326
173.5716790887887 0.8614741478326451
173.97817014051887 0.860913800338195
174.38466119224907 0.8603534527844051
174.79115224397924 0.8597931051711979
175.19764329570944 0.8592327574984964
175.6041343474396 0.8586724097662223
176.0106253991698 0.8581120619742982
176.41711645089998 0.8575517141226465
176.82360750263018 0.8569913662111885
177.23009855436035 0.8564310182398461
177.63658960609052 0.8558706702085409
178.04308065782072 0.8553103221171947
178.4495717095509 0.8547499739657282
178.8560627612811 0.854189625754063
179.26255381301127 0.8536292774821198
179.66904486474147 0.8530689291498197
180.07553591647164 0.852508580757083
180.48202696820184 0.8519482323038308
180.888518019932 0.8513878837899828
181.2950090716622 0.8508275352154594
181.70150012339238 0.8502671865801805
182.10799117512255 0.8497068378840664
182.51448222685275 0.8491464891270367
182.92097327858292 0.8485861403090108
183.32746433031312 0.8480257914299081
183.7339553820433 0.8474654424896477
184.1404464337735 0.8469050934881491
184.54693748550366 0.846344744425331
184.95342853723386 0.8457843953011123
185.35991958896403 0.8452240461154112
185.76641064069423 0.8446636968681467
186.1729016924244 0.8441033475592364
186.5793927441546 0.8435429981885991
186.98588379588477 0.8429826487561523
187.39237484761495 0.8424222992618138
187.79886589934515 0.8418619497055017
188.20535695107532 0.8413016000871327
188.61184800280552 0.8407412504066246
189.0183390545357 0.8401809006638945
189.4248301062659 0.8396205508588593
189.83132115799606 0.8390602009914356
190.23781220972626 0.8384998510615405
190.64430326145643 0.8379395010690899
191.05079431318663 0.8373791510140004
191.4572853649168 0.836818800896188
191.863776416647 0.8362584507155689
192.27026746837717 0.8356981004720583
192.67675852010734 0.8351377501655725
193.08324957183754 0.8345773997960269
193.4897406235677 0.8340170493633361
193.8962316752979 0.8334566988674159
194.30272272702808 0.832896348308181
194.70921377875828 0.8323359976855461
195.11570483048845 0.8317756469994259
195.52219588221865 0.8312152962497348
195.92868693394882 0.8306549454363866
196.33517798567902 0.830094594559296
196.7416690374092 0.8295342436183767
197.1481600891394 0.8289738926135425
197.55465114086957 0.8284135415447066
197.96114219259974 0.8278531904117826
198.36763324432994 0.827292839214684
198.7741242960601 0.8267324879533231
199.1806153477903 0.8261721366276134
199.58710639952048 0.8256117852374671
199.99359745125068 0.8250514337827971
200.40008850298085 0.8244910822635154
200.80657955471105 0.8239307306795344
201.21307060644122 0.8233703790307657
201.61956165817142 0.8228100273171214
202.0260527099016 0.8222496755385129
202.4325437616318 0.8216893236948515
202.83903481336196 0.8211289717860487
203.24552586509213 0.8205686198120155
203.65201691682233 0.8200082677726626
204.0585079685525 0.8194479156679007
204.4649990202827 0.8188875634976404
204.87149007201288 0.818327211261792
205.27798112374307 0.8177668589602655
205.68447217547325 0.817206506592971
206.09096322720345 0.8166461541598181
206.49745427893362 0.8160858016607166
206.90394533066382 0.8155254490955759
207.310436382394 0.8149650964643047
207.7169274341242 0.8144047437668126
208.12341848585436 0.8138443910030082
208.52990953758453 0.8132840381728001
208.93640058931473 0.8127236852760967
209.3428916410449 0.8121633323128065
209.7493826927751 0.8116029792828372
210.15587374450527 0.8110426261860969
210.56236479623547 0.8104822730224932
210.96885584796564 0.809921919791934
211.37534689969584 0.8093615664943259
211.781837951426 0.8088012131295763
212.1883290031562 0.8082408596975923
212.59482005488638 0.8076805061982806
213.00131110661658 0.8071201526315475
213.40780215834675 0.8065597989972993
213.81429321007693 0.8059994452954425
214.22078426180713 0.8054390915258828
214.6272753135373 0.8048787376885259
215.0337663652675 0.8043183837832776
215.44025741699767 0.8037580298100427
215.84674846872787 0.803197675768727
216.25323952045804 0.8026373216592351
216.65973057218824 0.8020769674814718
217.0662216239184 0.8015166132353418
217.4727126756486 0.8009562589207494
217.87920372737878 0.8003959045375986
218.28569477910898 0.7998355500857934
218.69218583083915 0.7992751955652376
219.09867688256932 0.7987148409758348
219.50516793429952 0.7981544863174883
219.9116589860297 0.7975941315901012
220.3181500377599 0.7970337767935765
220.72464108949006 0.7964734219278167
221.13113214122026 0.7959130669927248
221.53762319295043 0.7953527119882026
221.94411424468063 0.7947923569141524
222.3506052964108 0.7942320017704765
222.757096348141 0.7936716465570761
223.16358739987118 0.7931112912738526
223.57007845160138 0.7925509359207077
223.97656950333155 0.7919905804975425
224.38306055506172 0.7914302250042575
224.78955160679192 0.7908698694407535
225.1960426585221 0.790309513806931
225.6025337102523 0.7897491581026901
226.00902476198246 0.7891888023279311
226.41551581371266 0.7886284464825535
226.82200686544283 0.7880680905664568
227.22849791717303 0.7875077345795408
227.6349889689032 0.7869473785217045
228.0414800206334 0.7863870223928463
228.44797107236357 0.7858266661928659
228.85446212409377 0.785266309921661
229.26095317582394 0.7847059535791303
229.6674442275541 0.7841455971651717
230.0739352792843 0.7835852406796833
230.48042633101448 0.7830248841225624
230.88691738274468 0.7824645274937065
231.29340843447486 0.7819041707930133
231.69989948620506 0.7813438140203788
232.10639053793523 0.7807834571757006
232.51288158966543 0.7802231002588749
232.9193726413956 0.7796627432697981
233.3258636931258 0.779102386208366
233.73235474485597 0.778542029074475
234.13884579658617 0.7779816718680203
234.54533684831634 0.7774213145888975
234.9518279000465 0.7768609572370014
235.3583189517767 0.7763005998122278
235.76481000350688 0.7757402423144705
236.17130105523708 0.7751798847436246
236.57779210696725 0.774619527099584
236.98428315869745 0.7740591693822431
237.39077421042762 0.7734988115914953
237.79726526215782 0.7729384537272346
238.203756313888 0.7723780957893541
238.6102473656182 0.7718177377777472
239.01673841734836 0.7712573796923062
239.42322946907854 0.7706970215329244
239.82972052080873 0.7701366632994936
240.2362115725389 0.7695763049919067
240.6427026242691 0.769015946610055
241.04919367599928 0.7684555881538304
241.45568472772948 0.7678952296231246
241.86217577945965 0.7673348710178287
242.26866683118985 0.7667745123378337
242.67515788292002 0.7662141535830301
243.08164893465022 0.7656537947533087
243.4881399863804 0.7650934358485598
243.8946310381106 0.7645330768686733
244.30112208984076 0.763972717813539
244.70761314157093 0.7634123586830466
245.11410419330113 0.7628519994770852
245.5205952450313 0.762291640195544
245.9270862967615 0.7617312808383118
246.33357734849167 0.7611709214052772
246.74006840022187 0.7606105618963284
247.14655945195204 0.7600502023113533
247.55305050368224 0.7594898426502406
247.95954155541241 0.7589294829128767
248.3660326071426 0.7583691230991498
248.77252365887279 0.7578087632089465
249.17901471060298 0.7572484032421539
249.58550576233316 0.7566880431986585
249.99199681406333 0.7561276830783468
250.39848786579353 0.7555673228811045
250.8049789175237 0.7550069626068178
251.2114699692539 0.754446602255372
251.61796102098407 0.7538862418266525
252.02445207271427 0.7533258813205443
252.43094312444444 0.7527655207369324
252.83743417617464 0.7522051600757013
253.2439252279048 0.7516447993367352
253.650416279635 0.751084438519918
254.05690733136518 0.7505240776251336
254.46339838309538 0.7499637166522656
254.86988943482555 0.7494033556011973
255.27638048655572 0.7488429944718111
255.68287153828592 0.7482826332639905
256.0893625900161 0.7477222719776176
256.4958536417463 0.7471619106125745
256.9023446934765 0.7466015491687433
257.30883574520664 0.7460411876460055
257.71532679693684 0.7454808260442427
258.12181784866704 0.7449204643633359
258.52830890039723 0.7443601026031659
258.9347999521274 0.7437997407636133
259.3412910038576 0.7432393788445587
259.7477820555878 0.7426790168458819
260.154273107318 0.7421186547674625
260.5607641590481 0.7415582926091802
260.9672552107783 0.7409979303709144
261.3737462625085 0.7404375680525439
261.78023731423866 0.7398772056539471
262.18672836596886 0.7393168431750031
262.59321941769906 0.7387564806155893
262.99971046942926 0.7381961179755839
263.4062015211594 0.7376357552548646
263.8126925728896 0.7370753924533086
264.2191836246198 0.7365150295707925
264.62567467635 0.7359546666071936
265.03216572808014 0.7353943035623879
265.43865677981034 0.7348339404362518
265.84514783154054 0.7342735772286614
266.2516388832707 0.7337132139394918
266.6581299350009 0.7331528505686189
267.0646209867311 0.7325924871159172
267.4711120384613 0.7320321235812617
267.8776030901914 0.731471759964527
268.2840941419216 0.7309113962655868
268.6905851936518 0.7303510324843152
269.097076245382 0.7297906686205861
269.50356729711217 0.7292303046742725
269.91005834884237 0.7286699406452473
270.31654940057257 0.7281095765333836
270.7230404523027 0.7275492123385533
271.1295315040329 0.7269888480606288
271.5360225557631 0.7264284836994821
271.9425136074933 0.7258681192549843
272.34900465922345 0.7253077547270068
272.75549571095365 0.7247473901154209
273.16198676268385 0.7241870254200967
273.56847781441405 0.7236266606409048
273.9749688661442 0.723066295777715
274.3814599178744 0.7225059308303975
274.7879509696046 0.7219455657988212
275.1944420213348 0.7213852006828557
275.60093307306494 0.7208248354823692
276.00742412479514 0.7202644701972309
276.41391517652534 0.7197041048273085
276.8204062282555 0.7191437393724701
277.2268972799857 0.7185833738325832
277.6333883317159 0.7180230082075152
278.0398793834461 0.7174626424971331
278.4463704351762 0.7169022767013032
278.8528614869064 0.7163419108198921
279.2593525386366 0.715781544852766
279.6658435903668 0.71522117879979
280.07233464209696 0.7146608126608301
280.47882569382716 0.7141004464357512
280.88531674555736 0.7135400801244178
281.2918077972875 0.7129797137266949
281.6982988490177 0.7124193472424462
282.1047899007479 0.7118589806715354
282.5112809524781 0.7112986140138261
282.91777200420825 0.7107382472691818
283.32426305593845 0.7101778804374648
283.73075410766864 0.709617513518538
284.13724515939884 0.7090571465122634
284.543736211129 0.7084967794185029
284.9502272628592 0.7079364122371179
285.3567183145894 0.7073760449679697
285.7632093663196 0.7068156776109191
286.16970041804973 0.7062553101658268
286.5761914697799 0.7056949426325528
286.9826825215101 0.7051345750109572
287.38917357324027 0.7045742073008991
287.79566462497047 0.7040138395022384
288.20215567670067 0.7034534716148334
288.60864672843087 0.7028931036385427
289.015137780161 0.7023327355732245
289.4216288318912 0.701772367418737
289.8281198836214 0.7012119991749372
290.2346109353516 0.7006516308416825
290.64110198708175 0.7000912624188298
291.04759303881195 0.6995308939062354
291.45408409054215 0.6989705253037554
291.8605751422723 0.6984101566112458
292.2670661940025 0.697849787828562
292.6735572457327 0.6972894189555591
293.0800482974629 0.6967290499920913
293.48653934919304 0.6961686809380138
293.89303040092324 0.6956083117931802
294.29952145265344 0.6950479425574445
294.70601250438364 0.6944875732306596
295.1125035561138 0.6939272038126787
295.518994607844 0.6933668343033543
295.9254856595742 0.6928064647025389
296.3319767113044 0.6922460950100842
296.7384677630345 0.6916857252258417
297.1449588147647 0.6911253553496628
297.5514498664949 0.6905649853813982
297.95794091822506 0.6900046153208983
298.36443196995526 0.6894442451680133
298.77092302168546 0.6888838749225928
299.17741407341566 0.6883235045844861
299.5839051251458 0.6877631341535426
299.990396176876 0.6872027636296104
300.3968872286062 0.6866423930125382
300.8033782803364 0.6860820223021734
301.20986933206655 0.6855216514983639
301.61636038379675 0.6849612806009567
302.02285143552695 0.6844009096097985
302.4293424872571 0.6838405385247357
302.8358335389873 0.6832801673456144
303.2423245907175 0.6827197960722803
303.6488156424477 0.6821594247045782
304.05530669417783 0.6815990532423533
304.46179774590803 0.6810386816854502
304.86828879763823 0.6804783100337127
305.27477984936843 0.6799179382869847
305.68127090109857 0.6793575664451094
306.08776195282877 0.6787971945079299
306.49425300455897 0.6782368224752884
306.90074405628917 0.6776764503470273
307.3072351080193 0.6771160781229885
307.7137261597495 0.6765557058030132
308.1202172114797 0.6759953333869421
308.52670826320985 0.6754349608746163
308.93319931494005 0.6748745882658758
309.33969036667025 0.6743142155605601
309.74618141840045 0.6737538427585088
310.1526724701306 0.673193469859561
310.5591635218608 0.6726330968635553
310.965654573591 0.6720727237703293
311.3721456253212 0.6715123505797216
311.77863667705134 0.6709519772915689
312.18512772878154 0.6703916039057086
312.59161878051174 0.6698312304219768
312.9981098322419 0.66927085684021
313.4046008839721 0.668710483160244
313.8110919357023 0.6681501093819139
314.2175829874325 0.6675897355050545
314.6240740391626 0.6670293615295003
315.0305650908928 0.6664689874550856
315.437056142623 0.665908613281644
315.8435471943532 0.6653482390090085
316.25003824608336 0.6647878646370121
316.65652929781356 0.6642274901654871
317.06302034954376 0.6636671155942654
317.4695114012739 0.6631067409231787
317.8760024530041 0.6625463661520581
318.2824935047343 0.6619859912807338
318.6889845564645 0.6614256163090366
319.09547560819465 0.6608652412367962
319.50196665992485 0.6603048660638418
319.90845771165505 0.6597444907900024
320.31494876338525 0.6591841154151065
320.7214398151154 0.6586237399389822
321.1279308668456 0.6580633643614573
321.5344219185758 0.6575029886823586
321.940912970306 0.6569426129015131
322.34740402203613 0.6563822370187473
322.75389507376633 0.6558218610338867
323.16038612549653 0.6552614849467567
323.5668771772267 0.6547011087571825
323.9733682289569 0.6541407324649885
324.37985928068707 0.6535803560699988
324.78635033241727 0.6530199795720371
325.1928413841474 0.652459602970926
325.5993324358776 0.6518992262664891
326.0058234876078 0.6513388494585478
326.412314539338 0.6507784725469244
326.81880559106816 0.65021809553144
327.22529664279836 0.6496577184119158
327.63178769452855 0.6490973411881716
328.0382787462587 0.6485369638600277
328.4447697979889 0.6479765864273033
328.8512608497191 0.6474162088898179
329.2577519014493 0.6468558312473897
329.66424295317944 0.6462954534998365
330.07073400490964 0.6457350756469763
330.47722505663984 0.645174697688626
330.88371610837004 0.6446143196246022
331.2902071601002 0.6440539414547212
331.6966982118304 0.6434935631787985
332.1031892635606 0.6429331847966494
332.5096803152908 0.6423728063080885
332.9161713670209 0.6418124277129301
333.3226624187511 0.6412520490109881
333.7291534704813 0.6406916702020751
334.13564452221146 0.6401312912860045
334.54213557394166 0.6395709122625886
334.94862662567186 0.6390105331316385
335.35511767740206 0.6384501538929658
335.7616087291322 0.6378897745463816
336.1680997808624 0.6373293950916958
336.5745908325926 0.6367690155287181
336.9810818843228 0.6362086358572582
337.38757293605295 0.6356482560771242
337.79406398778315 0.6350878761881252
338.20055503951335 0.6345274961900683
338.6070460912435 0.6339671160827609
339.0135371429737 0.6334067358660099
339.4200281947039 0.6328463555396212
339.8265192464341 0.6322859751034007
340.23301029816423 0.6317255945571536
340.63950134989443 0.6311652139006846
341.04599240162463 0.6306048331337977
341.45248345335483 0.6300444522562962
341.858974505085 0.629484071267984
342.2654655568152 0.6289236901686632
342.6719566085454 0.6283633089581357
343.0784476602756 0.6278029276362034
343.4849387120057 0.6272425462026667
343.8914297637359 0.6266821646573266
344.2979208154661 0.626121782999983
344.70441186719626 0.6255614012304348
345.11090291892646 0.6250010193484813
345.51739397065666 0.6244406373539204
345.92388502238686 0.6238802552465501
346.330376074117 0.6233198730261676
346.7368671258472 0.6227594906925695
347.1433581775774 0.6221991082455519
347.5498492293076 0.6216387256849104
347.95634028103774 0.6210783430104398
348.36283133276794 0.6205179602219348
348.76932238449814 0.6199575773191892
349.1758134362283 0.6193971943019962
349.5823044879585 0.6188368111701489
349.9887955396887 0.6182764279234391
350.3952865914189 0.6177160445616585
350.801777643149 0.6171556610845984
351.2082686948792 0.6165952774920493
351.6147597466094 0.616034893783801
352.0212507983396 0.6154745099596426
352.42774185006976 0.6149141260193635
352.83423290179996 0.6143537419627513
353.24072395353016 0.613793357789594
353.64721500526036 0.6132329734996783
354.0537060569905 0.612672589092791
354.4601971087207 0.6121122045687177
354.8666881604509 0.6115518199272437
355.27317921218105 0.610991435168154
355.67967026391125 0.6104310502912327
356.08616131564145 0.6098706652962628
356.49265236737165 0.6093102801830275
356.8991434191018 0.608749894951309
357.305634470832 0.6081895096008894
357.7121255225622 0.6076291241315492
358.1186165742924 0.6070687385430692
358.52510762602253 0.6065083528352293
358.93159867775273 0.6059479670078088
359.33808972948293 0.6053875810605862
359.7445807812131 0.6048271949933397
360.1510718329433 0.6042668088058466
360.5575628846735 0.6037064224978836
360.9640539364037 0.6031460360692272
361.3705449881338 0.602585649519653
361.777036039864 0.6020252628489356
362.1835270915942 0.6014648760568496
362.5900181433244 0.6009044891431684
362.99650919505456 0.6003441021076651
363.40300024678476 0.5997837149501123
363.80949129851496 0.5992233276702815
364.2159823502451 0.5986629402679441
364.6224734019753 0.5981025527428705
365.0289644537055 0.5975421650948304
365.4354555054357 0.5969817773235929
365.84194655716584 0.5964213894289269
366.24843760889604 0.5958610014106003
366.65492866062624 0.5953006132683797
367.06141971235644 0.594740225002032
367.4679107640866 0.5941798366113235
367.8744018158168 0.5936194480960191
368.280892867547 0.5930590594558833
368.6873839192772 0.5924986706906804
369.0938749710073 0.5919382818001733
369.5003660227375 0.5913778927841246
369.9068570744677 0.5908175036422961
370.31334812619787 0.5902571143744493
370.71983917792807 0.589696724980345
371.12633022965827 0.5891363354597422
371.53282128138846 0.5885759458124006
371.9393123331186 0.5880155560380786
372.3458033848488 0.5874551661365339
372.752294436579 0.5868947761075239
373.1587854883092 0.5863343859508047
373.56527654003935 0.585773995666132
373.97176759176955 0.5852136052532609
374.37825864349975 0.5846532147119459
374.7847496952299 0.5840928240419403
375.1912407469601 0.5835324332429969
375.5977317986903 0.5829720423148681
376.0042228504205 0.5824116512573051
376.41071390215063 0.5818512600700587
376.81720495388083 0.5812908687528794
377.22369600561103 0.5807304773055159
377.63018705734123 0.5801700857277167
378.0366781090714 0.57960969401923
378.4431691608016 0.5790493021798029
378.8496602125318 0.5784889102091813
379.256151264262 0.5779285181071113
379.6626423159921 0.5773681258733377
380.0691333677223 0.5768077335076047
380.4756244194525 0.5762473410096554
380.88211547118266 0.5756869483792325
381.28860652291286 0.5751265556160784
381.69509757464306 0.5745661627199333
382.10158862637326 0.5740057696905384
382.5080796781034 0.573445376527633
382.9145707298336 0.572884983230956
383.3210617815638 0.5723245898002457
383.727552833294 0.5717641962352389
384.13404388502414 0.5712038025356724
384.54053493675434 0.5706434087012822
384.94702598848454 0.5700830147318031
385.3535170402147 0.5695226206269692
385.7600080919449 0.5689622263865141
386.1664991436751 0.5684018320101702
386.5729901954053 0.5678414374976697
386.9794812471354 0.5672810428487435
387.3859722988656 0.5667206480631217
387.7924633505958 0.5661602531405339
388.198954402326 0.5655998580807086
388.60544545405617 0.5650394628833737
389.01193650578637 0.5644790675482564
389.41842755751657 0.5639186720750827
389.82491860924677 0.5633582764635782
390.2314096609769 0.5627978807134673
390.6379007127071 0.5622374848244738
391.0443917644373 0.5616770887963204
391.45088281616745 0.5611166926287298
391.85737386789765 0.5605562963214226
392.26386491962785 0.5599958998741196
392.67035597135805 0.5594355032865403
393.0768470230882 0.5588751065584033
393.4833380748184 0.5583147096894269
393.8898291265486 0.5577543126793276
394.2963201782788 0.5571939155278223
394.70281123000893 0.5566335182346254
395.10930228173913 0.5560731207994524
395.51579333346933 0.5555127232220161
395.9222843851995 0.5549523255020293
396.3287754369297 0.5543919276392044
396.7352664886599 0.5538315296332522
397.1417575403901 0.5532711314838824
397.5482485921202 0.5527107331908049
397.9547396438504 0.5521503347537274
398.3612306955806 0.5515899361723579
398.7677217473108 0.5510295374464027
399.17421279904096 0.5504691385755672
399.58070385077116 0.5499087395595569
399.98719490250136 0.5493483403980751
400.39368595423156 0.5487879410908251
400.8001770059617 0.5482275416375086
401.2066680576919 0.547667142037827
401.6131591094221 0.5471067422914804
402.01965016115224 0.5465463423981682
402.42614121288244 0.5459859423575887
402.83263226461264 0.5454255421694394
403.23912331634284 0.5448651418334167
403.645614368073 0.5443047413492161
404.0521054198032 0.5437443407165328
404.4585964715334 0.5431839399350598
404.8650875232636 0.5426235390044901
405.2715785749937 0.5420631379245155
405.6780696267239 0.5415027366948271
406.0845606784541 0.5409423353151139
406.49105173018427 0.5403819337850658
406.89754278191447 0.5398215321043703
407.30403383364467 0.5392611302727143
407.71052488537487 0.5387007282897839
408.117015937105 0.5381403261552641
408.5235069888352 0.5375799238688388
408.9299980405654 0.5370195214301912
409.3364890922956 0.5364591188390033
409.74298014402575 0.5358987160949559
410.14947119575595 0.5353383131977295
410.55596224748615 0.5347779101470026
410.96245329921635 0.5342175069424536
411.3689443509465 0.5336571035837594
411.7754354026767 0.5330967000705961
412.1819264544069 0.5325362964026386
412.58841750613703 0.5319758925795606
412.99490855786723 0.5314154886010353
413.40139960959743 0.5308550844667345
413.80789066132763 0.5302946801763286
414.2143817130578 0.5297342757294882
414.620872764788 0.5291738711258817
415.0273638165182 0.5286134663651765
415.4338548682484 0.5280530614470393
415.8403459199785 0.5274926563711361
416.2468369717087 0.5269322511371312
416.6533280234389 0.5263718457446875
417.05981907516906 0.525811440193468
417.46631012689926 0.5252510344831338
417.87280117862946 0.5246906286133449
418.27929223035966 0.5241302225837607
418.6857832820898 0.5235698163940388
419.09227433382 0.5230094100438366
419.4987653855502 0.5224490035328097
419.9052564372804 0.5218885968606123
420.31174748901054 0.5213281900268986
420.71823854074074 0.520767783031321
421.12472959247094 0.5202073758735305
421.5312206442011 0.5196469685531775
421.9377116959313 0.5190865610699111
422.3442027476615 0.5185261534233793
422.7506937993917 0.5179657456132285
423.1571848511218 0.5174053376391048
423.563675902852 0.5168449295006526
423.9701669545822 0.5162845211975152
424.3766580063124 0.5157241127293345
424.78314905804257 0.515163704095752
425.18964010977277 0.5146032952964072
425.59613116150297 0.5140428863309388
426.00262221323317 0.5134824771989842
426.4091132649633 0.5129220679001798
426.8156043166935 0.5123616584341609
427.2220953684237 0.5118012488005609
427.62858642015385 0.5112408389990128
428.03507747188405 0.5106804290291481
428.44156852361425 0.5101200188905969
428.84805957534445 0.5095596085829885
429.2545506270746 0.5089991981059503
429.6610416788048 0.5084387874591095
430.067532730535 0.5078783766420908
430.4740237822652 0.5073179656545188
430.88051483399533 0.5067575544960161
431.28700588572553 0.5061971431662046
431.69349693745573 0.505636731664704
432.0999879891859 0.5050763199911341
432.5064790409161 0.5045159081451126
432.9129700926463 0.5039554961262558
433.3194611443765 0.5033950839341791
433.7259521961066 0.5028346715684961
434.1324432478368 0.5022742590288203
434.538934299567 0.5017138463147625
434.9454253512972 0.5011534334259329
435.35191640302736 0.5005930203619402
435.75840745475756 0.5000326071223922
436.16489850648776 0.4994721937068945
436.57138955821796 0.4989117801150522
436.9778806099481 0.49835136634646904
437.3843716616783 0.4977909524007469
437.7908627134085 0.49723053827748653
438.19735376513864 0.4966701239762874
438.60384481686884 0.4961097094967476
439.01033586859904 0.4955492948384642
439.41682692032924 0.4949888800010319
439.8233179720594 0.4944284649840452
440.2298090237896 0.49386804978709664
440.6363000755198 0.49330763440977715
441.04279112725 0.4927472188516767
441.4492821789801 0.49218680311238383
441.8557732307103 0.49162638719148544
442.2622642824405 0.4910659710885671
442.66875533417067 0.4905055548032129
443.07524638590087 0.48994513833500586
443.48173743763107 0.4893847216835272
443.88822848936127 0.4888243048483565
444.2947195410914 0.4882638878290724
444.7012105928216 0.4877034706252521
445.1077016445518 0.48714305323647084
445.514192696282 0.48658263566230253
445.92068374801215 0.48602221790232014
446.32717479974235 0.4854617999560947
446.73366585147255 0.4849013818231955
447.14015690320275 0.4843409635031907
447.5466479549329 0.48378054499564727
447.9531390066631 0.48322012630013017
448.3596300583933 0.4826597074162027
448.76612111012344 0.48209928834342725
449.17261216185364 0.48153886908136434
449.57910321358383 0.4809784496295729
449.98559426531403 0.4804180299876102
450.3920853170442 0.47985761015503237
450.7985763687744 0.4792971901313938
451.2050674205046 0.4787367699162473
451.6115584722348 0.47817634950914367
452.0180495239649 0.4776159289096331
452.4245405756951 0.4770555081172634
452.8310316274253 0.4764950871315811
453.23752267915546 0.4759346659521309
453.64401373088566 0.47537424457845634
454.05050478261586 0.4748138230100986
454.45699583434606 0.474253401246598
454.8634868860762 0.4736929792874927
455.2699779378064 0.47313255713231994
455.6764689895366 0.47257213478061416
456.0829600412668 0.472011712231909
456.48945109299694 0.4714512894857365
456.89594214472714 0.4708908665416265
457.30243319645734 0.4703304433991073
457.70892424818754 0.46977002005770574
458.1154152999177 0.46920959651694694
458.5219063516479 0.4686491727763542
458.9283974033781 0.46808874883544915
459.3348884551082 0.4675283246937516
459.7413795068384 0.4669679003507797
460.1478705585686 0.4664074758060499
460.5543616102988 0.465847051059077
460.96085266202897 0.4652866261093736
461.36734371375917 0.4647262009564513
461.77383476548937 0.46416577559981936
462.18032581721957 0.46360535003898523
462.5868168689497 0.4630449242734548
462.9933079206799 0.46248449830273225
463.3997989724101 0.4619240721263197
463.80629002414025 0.4613636457437174
464.21278107587045 0.46080321915442446
464.61927212760065 0.4602427923579372
465.02576317933085 0.4596823653537504
465.432254231061 0.45912193814135754
465.8387452827912 0.4585615107202498
466.2452363345214 0.4580010830899162
466.6517273862516 0.4574406552498445
467.05821843798174 0.4568802271995203
467.46470948971194 0.45631979893842706
467.87120054144214 0.4557593704660467
468.27769159317234 0.4551989417818591
468.6841826449025 0.4546385128853421
469.0906736966327 0.4540780837759719
469.4971647483629 0.4535176544532225
469.903655800093 0.452957224916566
470.3101468518232 0.45239679516547254
470.7166379035534 0.4518363651994104
471.1231289552836 0.4512759350178456
471.52962000701376 0.45071550462024257
471.93611105874396 0.45015507400606336
472.34260211047416 0.4495946431747683
472.74909316220436 0.4490342121258156
473.1555842139345 0.4484737808586612
473.5620752656647 0.4479133493727594
473.9685663173949 0.44735291766756224
474.37505736912505 0.44679248574251973
474.78154842085524 0.4462320535970796
475.18803947258544 0.445671621230688
475.59453052431564 0.4451111886427884
476.0010215760458 0.4445507558328228
476.407512627776 0.4439903228002304
476.8140036795062 0.4434298895444487
477.2204947312364 0.44286945606491296
477.6269857829665 0.4423090223610566
478.0334768346967 0.44174858843231024
478.4399678864269 0.44118815427810265
478.84645893815707 0.44062771989786076
479.25294998988727 0.4400672852910088
479.65944104161747 0.439506850456969
480.06593209334767 0.4389464153951615
480.4724231450778 0.4383859801050038
480.878914196808 0.43782554458591205
481.2854052485382 0.43726510883729897
481.6918963002684 0.4367046728585758
482.09838735199855 0.4361442366491514
482.50487840372875 0.43558380020843224
482.91136945545895 0.4350233635358225
483.31786050718915 0.4344629266307242
483.7243515589193 0.4339024894925368
484.1308426106495 0.43334205212065774
484.5373336623797 0.43278161451448155
484.94382471410984 0.43222117667340115
485.35031576584004 0.43166073859680665
485.75680681757024 0.4311003002840858
486.16329786930044 0.43053986173462405
486.5697889210306 0.4299794229478046
486.9762799727608 0.4294189839230079
487.382771024491 0.4288585446596121
487.7892620762212 0.428298105156993
488.1957531279513 0.42773766541452385
488.6022441796815 0.4271772254315756
489.0087352314117 0.4266167852075166
489.41522628314186 0.42605634474171244
489.82171733487206 0.42549590403352666
490.22820838660226 0.4249354630823201
490.63469943833246 0.42437502188745113
491.0411904900626 0.42381458044827525
491.4476815417928 0.42325413876414586
491.854172593523 0.42269369683441355
492.2606636452532 0.42213325465842627
492.66715469698335 0.42157281223552945
493.07364574871355 0.42101236956506616
493.48013680044374 0.4204519266463765
493.88662785217394 0.4198914834787977
494.2931189039041 0.4193310400616648
494.6996099556343 0.41877059639431036
495.1061010073645 0.41821015247606347
495.51259205909463 0.41764970830625137
495.91908311082483 0.417089263884198
496.32557416255503 0.41652881920922463
496.7320652142852 0.41596837428065003
497.13855626601537 0.4154079290977903
497.54504731774557 0.4148474836599584
497.95153836947577 0.41428703796646443
498.35802942120597 0.4137265920166165
498.7645204729361 0.41316614580971883
499.1710115246663 0.4126056993450736
499.5775025763965 0.4120452526219795
499.98399362812665 0.4114848056397331
500.39048467985685 0.4109243583976277
500.79697573158705 0.4103639108949534
501.20346678331725 0.4098034631309978
501.6099578350474 0.4092430151050457
502.0164488867776 0.40868256681637855
502.4229399385078 0.408122118264275
502.829430990238 0.40756166944801064
503.23592204196814 0.4070012203668584
503.64241309369834 0.40644077102008797
504.04890414542854 0.4058803214069656
504.45539519715874 0.40531987152675547
504.8618862488889 0.4047594213787178
505.2683773006191 0.40419897096211027
505.6748683523493 0.40363852027618713
506.0813594040794 0.40307806932019974
506.4878504558096 0.4025176180933964
506.8943415075398 0.40195716659502184
507.30083255927 0.401396714824318
507.70732361100016 0.40083626278052364
508.11381466273036 0.40027581046287436
508.52030571446056 0.39971535787060225
508.92679676619076 0.39915490500293616
509.3332878179209 0.3985944518591023
509.7397788696511 0.3980339984383228
510.1462699213813 0.39747354473981716
510.55276097311145 0.3969130907628011
510.95925202484165 0.3963526365064874
511.36574307657185 0.39579218197008526
511.77223412830205 0.39523172715280025
512.1787251800322 0.3946712720538351
512.5852162317624 0.39411081667238923
512.9917072834926 0.3935503610076577
513.3981983352228 0.39298990505883324
513.804689386953 0.3924294488251044
514.2111804386832 0.3918689923056564
514.6176714904133 0.39130853549967126
515.0241625421435 0.39074807840632714
515.4306535938737 0.39018762102479876
515.8371446456039 0.38962716335425723
516.2436356973341 0.38906670539387034
516.6501267490643 0.3885062471428019
517.0566178007945 0.38794578860021234
517.4631088525246 0.38738532976525836
517.8695999042548 0.38682487063709325
518.276090955985 0.3862644112148659
518.6825820077152 0.38570395149772235
519.0890730594454 0.3851434914848044
519.4955641111756 0.3845830311752502
519.9020551629058 0.3840225705681944
520.308546214636 0.3834621096627674
520.715037266366 0.382901648458096
521.1215283180962 0.38234118695330344
521.5280193698264 0.38178072514750844
521.9345104215566 0.3812202630398264
522.3410014732868 0.3806598006293686
522.747492525017 0.38009933791524253
523.1539835767472 0.3795388748965514
523.5604746284773 0.3789784115723949
523.9669656802075 0.3784179479418684
524.3734567319377 0.37785748400406316
524.7799477836679 0.37729701975806673
525.1864388353981 0.3767365552029624
525.5929298871283 0.3761760903378293
525.9994209388585 0.37561562516174235
526.4059119905886 0.3750551596737729
526.8124030423188 0.37449469387298756
527.218894094049 0.3739342277584488
527.6253851457792 0.37337376132921496
528.0318761975094 0.3728132945843403
528.4383672492396 0.3722528275228746
528.8448583009698 0.37169236014386314
529.2513493527 0.37113189244634753
529.6578404044301 0.3705714244293644
530.0643314561603 0.3700109560919465
530.4708225078905 0.36945048743312153
530.8773135596207 0.3688900184519134
531.2838046113509 0.36832954914734134
531.6902956630811 0.3677690795184198
532.0967867148113 0.36720860956415935
532.5032777665414 0.3666481392835653
532.9097688182716 0.36608766867563924
533.3162598700018 0.36552719773937714
533.722750921732 0.36496672647377115
534.1292419734622 0.36440625487780837
534.5357330251924 0.3638457829504716
534.9422240769226 0.36328531069073844
535.3487151286528 0.3627248380975823
535.7552061803829 0.3621643651699711
536.161697232113 0.3616038919068689
536.5681882838433 0.3610434183072341
536.9746793355735 0.36048294437002054
537.3811703873037 0.35992247009417716
537.7876614390339 0.35936199547864833
538.194152490764 0.35880152052237285
538.6006435424941 0.35824104522428507
539.0071345942243 0.3576805695833141
539.4136256459545 0.35712009359838404
539.8201166976847 0.3565596172684136
540.2266077494149 0.3559991405923171
540.6330988011451 0.35543866356900294
541.0395898528753 0.3548781861973751
541.4460809046054 0.35431770847633176
541.8525719563356 0.3537572304047662
542.2590630080658 0.3531967519815662
542.665554059796 0.35263627320561436
543.0720451115262 0.352075794075788
543.4785361632564 0.3515153145909591
543.8850272149866 0.3509548347499939
544.2915182667168 0.3503943545517538
544.6980093184469 0.349833873995094
545.1045003701771 0.3492733930788651
545.5109914219073 0.348712911801911
545.9174824736375 0.34815243016307096
546.3239735253677 0.3475919481611782
546.7304645770979 0.3470314657950606
547.1369556288281 0.34647098306354007
547.5434466805582 0.3459104999654328
547.9499377322884 0.3453500164995494
548.3564287840186 0.3447895326646944
548.7629198357488 0.34422904845966684
549.169410887479 0.34366856388325967
549.5759019392092 0.3431080789342599
549.9823929909394 0.34254759361144865
550.3888840426696 0.3419871079136012
550.7953750943997 0.3414266218394865
551.2018661461299 0.34086613538786786
551.6083571978601 0.3403056485575017
552.0148482495903 0.33974516134713917
552.4213393013205 0.33918467375552463
552.8278303530507 0.33862418578139675
553.2343214047809 0.3380636974234873
553.640812456511 0.33750320868052214
554.0473035082412 0.33694271955122085
554.4537945599714 0.336382230034296
554.8602856117016 0.33582174012845445
555.2667766634318 0.33526124983239614
555.673267715162 0.3347007591448148
556.0797587668922 0.33414026806439734
556.4862498186224 0.3335797765898239
556.8927408703524 0.3330192847197684
557.2992319220826 0.3324587924528978
557.7057229738128 0.3318982997878723
558.112214025543 0.3313378067233452
558.5187050772732 0.3307773132579631
558.9251961290034 0.3302168193903659
559.3316871807336 0.3296563251191863
559.7381782324637 0.32909583044305
560.1446692841939 0.32853533536057594
560.5511603359241 0.32797483987037546
560.9576513876543 0.32741434397105323
561.3641424393845 0.3268538476612067
561.7706334911147 0.326293350939426
562.1771245428449 0.32573285380429395
562.583615594575 0.32517235625438595
562.9901066463052 0.3246118582882705
563.3965976980354 0.3240513599045079
563.8030887497656 0.32349086110165165
564.2095798014958 0.3229303618782474
564.616070853226 0.32236986223283326
565.0225619049562 0.32180936216393985
565.4290529566864 0.3212488616700897
565.8355440084165 0.3206883607497982
566.2420350601467 0.3201278594015725
566.6485261118769 0.31956735762391186
567.0550171636071 0.31900685541530793
567.4615082153373 0.31844635277424416
567.8679992670675 0.3178858496991961
568.2744903187977 0.3173253461886312
568.6809813705278 0.31676484224100876
569.087472422258 0.31620433785478
569.4939634739882 0.31564383302838767
569.9004545257184 0.31508332776026626
570.3069455774486 0.314522822048842
570.7134366291788 0.31396231589253276
571.119927680909 0.3134018092897477
571.5264187326392 0.3128413022388877
571.9329097843693 0.31228079473834464
572.3394008360995 0.31172028678650243
572.7458918878297 0.31115977838173525
573.1523829395599 0.3105992695224092
573.55887399129 0.31003876020688126
573.9653650430203 0.30947825043349986
574.3718560947505 0.30891774020060375
574.7783471464805 0.30835722950652333
575.1848381982107 0.3077967183495796
575.5913292499409 0.307236206728084
575.9978203016711 0.3066756946403392
576.4043113534013 0.30611518208463856
576.8108024051315 0.3055546690592657
577.2172934568617 0.304994155562495
577.6237845085918 0.30443364159259134
578.030275560322 0.3038731271478101
578.4367666120522 0.30331261222639644
578.8432576637824 0.3027520968265864
579.2497487155126 0.30219158094660586
579.6562397672428 0.30163106458467126
580.062730818973 0.30107054773898834
580.4692218707032 0.30051003040775337
580.8757129224333 0.2999495125891524
581.2822039741635 0.29938899428136123
581.6886950258937 0.2988284754825453
582.0951860776239 0.29826795619085994
582.5016771293541 0.2977074364044499
582.9081681810843 0.2971469161214494
583.3146592328145 0.2965863953399822
583.7211502845446 0.2960258740581615
584.1276413362748 0.2954653522740897
584.534132388005 0.29490482998585804
584.9406234397352 0.29434430719154714
585.3471144914654 0.2937837838892266
585.7536055431956 0.2932232600769553
586.1600965949258 0.2926627357527804
586.566587646656 0.29210221091473804
586.9730786983861 0.2915416855608532
587.3795697501163 0.2909811596891394
587.7860608018465 0.2904206332975982
588.1925518535767 0.2898601063842203
588.5990429053069 0.2892995789469841
589.0055339570371 0.28873905098385677
589.4120250087673 0.2881785224927932
589.8185160604974 0.28761799347173644
590.2250071122276 0.28705746391861775
590.6314981639578 0.2864969338313557
591.037989215688 0.28593640320785707
591.4444802674182 0.2853758720460162
591.8509713191484 0.28481534034371503
592.2574623708786 0.2842548080988229
592.6639534226088 0.2836942753091966
593.0704444743388 0.2831337419726802
593.476935526069 0.28257320808710473
593.8834265777992 0.2820126736502886
594.2899176295294 0.2814521386600368
594.6964086812596 0.28089160311414174
595.1028997329898 0.280331067010382
595.50939078472 0.27977053034652327
595.9158818364501 0.2792099931203177
596.3223728881803 0.27864945532950364
596.7288639399105 0.27808891697180566
597.1353549916407 0.27752837804493513
597.5418460433709 0.27696783854658913
597.9483370951011 0.2764072984744508
598.3548281468313 0.275846757826189
598.7613191985614 0.2752862165994586
599.1678102502916 0.2747256747919003
599.5743013020218 0.2741651324011397
599.980792353752 0.27360458942478816
600.3872834054822 0.27304404586044245
600.7937744572124 0.2724835017056846
601.2002655089426 0.2719229569580812
601.6067565606728 0.2713624116151841
602.0132476124029 0.2708018656745301
602.4197386641331 0.2702413191336405
602.8262297158633 0.26968077199002083
603.2327207675935 0.2691202242411615
603.6392118193237 0.26855967588453705
604.0457028710539 0.26799912691760625
604.4521939227841 0.26743857733781184
604.8586849745142 0.2668780271425802
605.2651760262444 0.26631747632932207
605.6716670779746 0.2657569248954311
606.0781581297048 0.2651963728382849
606.484649181435 0.2646358201552443
606.8911402331652 0.26407526684365323
607.2976312848954 0.2635147129008387
607.7041223366256 0.26295415832411084
608.1106133883557 0.2623936031107623
608.5171044400859 0.2618330472580686
608.9235954918161 0.2612724907632873
609.3300865435463 0.2607119336236585
609.7365775952765 0.2601513758364047
610.1430686470067 0.25959081739873
610.5495596987369 0.2590302583078208
610.9560507504669 0.2584696985608448
611.3625418021971 0.2579091381549516
611.7690328539273 0.25734857708727177
612.1755239056575 0.2567880153549173
612.5820149573877 0.2562274529549813
612.9885060091179 0.2556668898845377
613.3949970608481 0.255106326140641
613.8014881125783 0.25454576172032667
614.2079791643084 0.25398519662061003
614.6144702160386 0.2534246308384872
615.0209612677688 0.25286406437093356
615.427452319499 0.25230349721490486
615.8339433712292 0.25174292936733633
616.2404344229594 0.25118236082514295
616.6469254746896 0.25062179158521875
617.0534165264197 0.25006122164443695
617.4599075781499 0.2495006509996498
617.8663986298801 0.24894007964768794
618.2728896816103 0.24837950758536104
618.6793807333405 0.24781893480945666
619.0858717850707 0.24725836131674087
619.4923628368009 0.2466977871039577
619.898853888531 0.24613721216782863
620.3053449402612 0.24557663650505318
620.7118359919914 0.24501606011230748
621.1183270437216 0.24445548298624553
621.5248180954518 0.24389490512349787
621.931309147182 0.24333432652067202
622.3378001989122 0.24277374717435177
622.7442912506424 0.24221316708109722
623.1507823023725 0.24165258623744468
623.5572733541027 0.2410920046399064
623.9637644058329 0.2405314222849698
624.3702554575631 0.23997083916909792
624.7767465092933 0.23941025528872936
625.1832375610235 0.23884967064027698
625.5897286127537 0.23828908522012873
625.9962196644838 0.23772849902464704
626.402710716214 0.23716791205016868
626.8092017679442 0.23660732429300363
627.2156928196744 0.2360467357494364
627.6221838714046 0.23548614641572474
628.0286749231348 0.23492555628809944
628.435165974865 0.2343649653627645
628.8416570265952 0.23380437363589643
629.2481480783252 0.23324378110364427
629.6546391300554 0.23268318776212948
630.0611301817856 0.23212259360744464
630.4676212335158 0.23156199863565494
630.874112285246 0.2310014028427962
631.2806033369762 0.23044080622487578
631.6870943887064 0.22988020877787158
632.0935854404365 0.22931961049773214
632.5000764921667 0.22875901138037627
632.9065675438969 0.22819841142169234
633.3130585956271 0.2276378106175388
633.7195496473573 0.22707720896374314
634.1260406990875 0.22651660645610217
634.5325317508177 0.2259560030903811
634.9390228025478 0.22539539886231386
635.345513854278 0.2248347937676024
635.7520049060082 0.22427418780191613
636.1584959577384 0.22371358096089225
636.5649870094686 0.223152973240135
636.9714780611988 0.2225923646352154
637.377969112929 0.22203175514167103
637.7844601646592 0.22147114475500548
638.1909512163893 0.2209105334706882
638.5974422681195 0.2203499212841541
639.0039333198497 0.21978930819080275
639.4104243715799 0.21922869418599908
639.8169154233101 0.21866807926507198
640.2234064750403 0.21810746342331447
640.6298975267705 0.21754684665598312
641.0363885785006 0.2169862289582979
641.4428796302308 0.21642561032544155
641.849370681961 0.215864990752559
642.2558617336912 0.21530437023475774
642.6623527854214 0.2147437487671067
643.0688438371516 0.21418312634463618
643.4753348888818 0.21362250296233737
643.881825940612 0.21306187861516182
644.2883169923421 0.21250125329802136
644.6948080440723 0.2119406270057873
645.1012990958025 0.21137999973329
645.5077901475327 0.2108193714753189
645.9142811992629 0.21025874222662155
646.3207722509931 0.20969811198190352
646.7272633027233 0.20913748073582777
647.1337543544533 0.20857684848301433
647.5402454061835 0.2080162152180397
647.9467364579137 0.20745558093543612
648.353227509644 0.2068949456296918
648.7597185613741 0.20633430929524987
649.1662096131043 0.20577367192650814
649.5727006648345 0.2052130335178184
649.9791917165647 0.20465239406348615
650.3856827682948 0.20409175355776993
650.792173820025 0.20353111199488091
651.1986648717552 0.20297046936898203
651.6051559234854 0.20240982567418805
652.0116469752156 0.20184918090456463
652.4181380269458 0.2012885350541279
652.824629078676 0.20072788811684372
653.2311201304061 0.20016724008662748
653.6376111821363 0.1996065909573432
654.0441022338665 0.19904594072280285
654.4505932855967 0.19848528937676635
654.8570843373269 0.19792463691294043
655.2635753890571 0.19736398332497826
655.6700664407873 0.19680332860647876
656.0765574925174 0.19624267275098603
656.4830485442476 0.1956820157519887
656.8895395959778 0.1951213576029191
657.296030647708 0.19456069829715306
657.7025216994382 0.19400003782800898
658.1090127511684 0.19343937618874704
658.5155038028986 0.1928787133725688
658.9219948546288 0.19231804937261632
659.3284859063589 0.19175738418197144
659.7349769580891 0.19119671779365552
660.1414680098193 0.19063605020062777
660.5479590615495 0.1900753813957856
660.9544501132797 0.18951471137196324
661.3609411650099 0.18895404012193118
661.7674322167401 0.1883933676383954
662.1739232684702 0.18783269391399662
662.5804143202004 0.1872720189413095
662.9869053719306 0.18671134271284145
663.3933964236608 0.18615066522103282
663.799887475391 0.18558998645825503
664.2063785271212 0.1850293064168104
664.6128695788514 0.18446862508893094
665.0193606305816 0.1839079424667778
665.4258516823116 0.18334725854244008
665.8323427340418 0.18278657330793435
666.238833785772 0.1822258867552031
666.6453248375022 0.1816651988761146
667.0518158892324 0.1811045096624615
667.4583069409626 0.18054381910596007
667.8647979926928 0.17998312719824913
668.2712890444229 0.17942243393088914
668.6777800961531 0.1788617392953615
669.0842711478833 0.17830104328306665
669.4907621996135 0.17774034588532422
669.8972532513437 0.1771796470933713
670.3037443030739 0.1766189468983616
670.7102353548041 0.17605824529136427
671.1167264065343 0.17549754226336287
671.5232174582644 0.17493683780525443
671.9297085099946 0.17437613190784831
672.3361995617248 0.17381542456186447
672.742690613455 0.17325471575793316
673.1491816651852 0.17269400548659342
673.5556727169154 0.17213329373829186
673.9621637686456 0.17157258050338137
674.3686548203757 0.17101186577212005
674.7751458721059 0.17045114953467003
675.1816369238361 0.16989043178109559
675.5881279755663 0.16932971250136292
675.9946190272965 0.16876899168533793
676.4011100790267 0.16820826932278532
676.8076011307569 0.16764754540336713
677.214092182487 0.16708681991664134
677.6205832342172 0.1665260928520607
678.0270742859474 0.16596536419897043
678.4335653376776 0.16540463394660831
678.8400563894078 0.1648439020841018
679.246547441138 0.16428316860046724
679.6530384928682 0.16372243348460813
680.0595295445984 0.16316169672531364
680.4660205963285 0.16260095831125704
680.8725116480587 0.16204021823099415
681.2790026997889 0.16147947647296113
681.6854937515191 0.16091873302547385
682.0919848032493 0.16035798787672553
682.4984758549795 0.15979724101478499
682.9049669067097 0.15923649242759527
683.3114579584397 0.1586757421029715
683.71794901017 0.15811499002859947
684.1244400619001 0.157554236192033
684.5309311136303 0.156993480580693
684.9374221653605 0.15643272318186532
685.3439132170907 0.15587196398269834
685.750404268821 0.15531120297020137
686.1568953205511 0.15475044013124267
686.5633863722812 0.15418967545254716
686.9698774240114 0.15362890892069475
687.3763684757416 0.15306814052211737
687.7828595274718 0.15250737024309774
688.189350579202 0.1519465980697668
688.5958416309322 0.15138582398810133
689.0023326826624 0.15082504798392177
689.4088237343925 0.15026427004288995
689.8153147861227 0.14970349015050666
690.2218058378529 0.14914270829210896
690.6282968895831 0.1485819244528682
691.0347879413133 0.14802113861778732
691.4412789930435 0.1474603507716981
691.8477700447737 0.14689956089925885
692.2542610965038 0.1463387689849513
692.660752148234 0.14577797501307865
693.0672431999642 0.1452171789677617
693.4737342516944 0.14465638083293716
693.8802253034246 0.14409558059235414
694.2867163551548 0.14353477822957134
694.693207406885 0.14297397372795406
695.0996984586152 0.1424131670706714
695.5061895103453 0.14185235824069253
695.9126805620755 0.14129154722078446
696.3191716138057 0.14073073399350766
696.7256626655359 0.14016991854121386
697.1321537172661 0.139609100846042
697.5386447689963 0.13904828088991517
697.9451358207265 0.1384874586545368
698.3516268724566 0.1379266341213873
698.7581179241868 0.1373658072717206
699.164608975917 0.13680497808655964
699.5711000276472 0.13624414654669365
699.9775910793774 0.1356833126326735
700.3840821311076 0.13512247632480825
700.7905731828378 0.1345616376031606
701.197064234568 0.1340007964475433
701.603555286298 0.1334399528375145
702.0100463380282 0.13287910675237394
702.4165373897584 0.13231825817115775
702.8230284414886 0.13175740707263495
703.2295194932188 0.13119655343530232
703.636010544949 0.13063569723737978
704.0425015966792 0.1300748384568057
704.4489926484093 0.12951397707123202
704.8554837001395 0.12895311305801938
705.2619747518697 0.12839224639423133
705.6684658035999 0.12783137705663025
706.0749568553301 0.12727050502167137
706.4814479070603 0.12670963026549734
706.8879389587905 0.12614875276393275
707.2944300105207 0.12558787249247852
707.7009210622508 0.1250269894263061
708.107412113981 0.1244661035402515
708.5139031657112 0.12390521480880884
708.9203942174414 0.12334432320612483
709.3268852691716 0.12278342870599207
709.7333763209018 0.1222225312818425
710.139867372632 0.12166163090674083
710.5463584243621 0.12110072755337757
710.9528494760923 0.12053982119406263
711.3593405278225 0.11997891180071717
711.7658315795527 0.11941799934486741
712.1723226312829 0.11885708379763651
712.5788136830131 0.1182961651297372
712.9853047347433 0.11773524331146372
713.3917957864734 0.11717431831268411
713.7982868382036 0.11661339010283196
714.2047778899338 0.11605245865089737
714.611268941664 0.11549152392541948
715.0177599933942 0.11493058589447673
715.4242510451244 0.11436964452567837
715.8307420968546 0.11380869978615488
716.2372331485848 0.11324775164254862
716.6437242003149 0.11268680006100414
717.0502152520451 0.1121258450071583
717.4567063037753 0.1115648864461296
717.8631973555055 0.11100392434250833
718.2696884072357 0.11044295866034554
718.6761794589659 0.10988198936314207
719.0826705106961 0.10932101641383718
719.4891615624261 0.10876003977479708
719.8956526141563 0.10819905940780314
720.3021436658865 0.10763807527403914
720.7086347176167 0.1070770873340796
721.115125769347 0.10651609554787639
721.5216168210771 0.10595509987474575
721.9281078728073 0.10539410027335452
722.3345989245375 0.10483309670170667
722.7410899762676 0.1042720891171286
723.1475810279978 0.10371107747625487
723.554072079728 0.10315006173501257
723.9605631314582 0.10258904184860661
724.3670541831884 0.10202801777150344
724.7735452349186 0.10146698945741461
725.1800362866488 0.10090595685928018
725.5865273383789 0.10034491992925156
725.9930183901091 0.09978387861867356
726.3995094418393 0.09922283287806596
726.8060004935695 0.09866178265710542
727.2124915452997 0.09810072790460567
727.6189825970299 0.09753966856849784
728.0254736487601 0.09697860459580991
728.4319647004902 0.09641753593264586
728.8384557522204 0.09585646252416413
729.2449468039506 0.09529538431455477
729.6514378556808 0.09473430124701726
730.057928907411 0.09417321326373661
730.4644199591412 0.09361212030585894
730.8709110108714 0.0930510223134666
731.2774020626016 0.09248991922555222
731.6838931143317 0.09192881097999218
732.0903841660619 0.09136769751351943
732.4968752177921 0.09080657876169448
732.9033662695223 0.09024545465887729
733.3098573212525 0.0896843251381966
733.7163483729827 0.08912319013151901
734.1228394247129 0.08856204956941711
734.529330476443 0.08800090338113647
734.9358215281732 0.08743975149456164
735.3423125799034 0.08687859383618052
735.7488036316336 0.0863174303310489
736.1552946833638 0.08575626090275243
736.561785735094 0.08519508547336795
736.9682767868242 0.08463390396342368
737.3747678385544 0.08407271629185764
737.7812588902844 0.08351152237597523
738.1877499420146 0.08295032213140485
738.5942409937448 0.082389115472052
739.000732045475 0.08182790231005259
739.4072230972052 0.08126668255572385
739.8137141489354 0.08070545611751356
740.2202052006656 0.08014422290194793
740.6266962523957 0.07958298281357735
741.0331873041259 0.07902173575492048
741.4396783558561 0.07846048162640543
741.8461694075863 0.07789922032631057
742.2526604593165 0.07733795175070145
742.6591515110467 0.07677667579336639
743.0656425627769 0.07621539234574934
743.4721336145071 0.07565410129688031
743.8786246662372 0.07509280253330342
744.2851157179674 0.07453149593900193
744.6916067696976 0.07397018139532015
745.0980978214278 0.07340885878088366
745.504588873158 0.07284752797151482
745.9110799248882 0.07228618884014602
746.3175709766184 0.0717248412567292
746.7240620283485 0.0711634850881419
747.1305530800787 0.0706021201980896
747.5370441318089 0.07004074644700355
747.9435351835391 0.06947936369193593
748.3500262352693 0.06891797178644911
748.7565172869995 0.06835657058050136
749.1630083387297 0.06779515992032739
749.5694993904598 0.06723373964831413
749.97599044219 0.06667230960287132
750.3824814939202 0.06611086961829597
750.7889725456504 0.06554941952463228
751.1954635973806 0.06498795914752427
751.6019546491108 0.06442648830806266
752.008445700841 0.06386500682262476
752.4149367525712 0.06330351450270734
752.8214278043013 0.06274201115475207
753.2279188560315 0.06218049657996324
753.6344099077617 0.061618970574116194
754.0409009594919 0.06105743292735885
754.4473920112221 0.06049588342400214
754.8538830629523 0.059934321842301616
755.2603741146825 0.05937274795422842
755.6668651664125 0.05881116152522951
756.0733562181427 0.058249562313976315
756.479847269873 0.05768795007210042
756.8863383216031 0.057126324543917924
757.2928293733333 0.05656468546613841
757.6993204250635 0.056003032567560174
758.1058114767937 0.05544136556874991
758.512302528524 0.054879684181705836
758.918793580254 0.05431798810950372
759.3252846319842 0.053756277045924165
759.7317756837144 0.05319455067505982
760.1382667354446 0.05263280867090294
760.5447577871748 0.05207105069690924
760.951248838905 0.05150927640553881
761.3577398906352 0.0509474854377714
761.7642309423653 0.05038567742259484
762.1707219940955 0.049823851976464745
762.5772130458257 0.04926200870273258
762.9837040975559 0.04870014719104244
763.3901951492861 0.048138267016690814
763.7966862010163 0.047576367739949686
764.2031772527465 0.04701444890534867
764.6096683044767 0.04645251004091403
765.0161593562068 0.04589055065736099
765.422650407937 0.04532857024723614
765.8291414596672 0.044766568284005236
766.2356325113974 0.044204544221084746
766.6421235631276 0.043642497490809194
767.0486146148578 0.04308042750333227
767.455105666588 0.04251833364545493
767.8615967183181 0.041956215279375125
768.2680877700483 0.04139407174135277
768.6745788217785 0.04083190234028215
769.0810698735087 0.040269706356166154
769.4875609252389 0.03970748303848106
769.8940519769691 0.03914523160442464
770.3005430286993 0.03858295123703652
770.7070340804294 0.038020641083179665
771.1135251321596 0.03745830025137043
771.5200161838898 0.0368959278094427
771.92650723562 0.036333522782032696
772.3329982873502 0.03577108414786467
772.7394893390804 0.03520861083682065
773.1459803908106 0.034646101726772266
773.5524714425408 0.03408355564015121
773.9589624942708 0.03352097134023199
774.365453546001 0.032958347527097864
774.7719445977312 0.032395682833255654
775.1784356494614 0.03183297581886484
775.5849267011916 0.031270224966536
775.9914177529218 0.030707428675653566
776.397908804652 0.030144585256168737
776.8043998563821 0.029581692921802148
777.2108909081123 0.029018749782587762
777.6173819598425 0.028455753836678824
778.0238730115727 0.027892702961328796
778.4303640633029 0.027329594902942223
778.8368551150331 0.026766427266080292
779.2433461667633 0.026203197501285507
779.6498372184935 0.025639902891569803
780.0563282702236 0.02507654053738599
780.4628193219538 0.02451310733987344
780.869310373684 0.023949599982133477
781.2758014254142 0.023386014908251897
781.6822924771444 0.022822348299731447
782.0887835288746 0.02225859604894325
782.4952745806048 0.0216947537291311
782.9017656323349 0.021130816560416883
783.3082566840651 0.020566779371149303
783.7147477357953 0.020002636553806737
784.1212387875255 0.019438382014508405
784.5277298392557 0.01887400911498361
784.9342208909859 0.01830951060560661
785.3407119427161 0.017744878547790468
785.7472029944462 0.01718010422364139
786.1536940461764 0.016615178030275336
786.5601850979066 0.016050089355556123
786.9666761496368 0.015484826431189775
787.373167201367 0.014919376158023486
787.7796582530972 0.014353723896982168
788.1861493048274 0.013787853217183337
788.5926403565576 0.01322174559023502
788.9991314082877 0.01265538001627447
789.4056224600179 0.01208873256256344
789.8121135117481 0.01152177578884297
