time d2_me
0.0 1.100000000000001
0.4064910517301843 1.100000000000001
0.8129821034603686 1.0994501927444411
1.2194731551905529 1.0988997918622814
1.6259642069207372 1.0983488305229523
2.0324552586509217 1.097797340101929
2.4389463103811058 1.0972453502720516
2.84543736211129 1.0966928890907817
3.2519284138414744 1.0961399830835195
3.658419465571659 1.0955866573230861
4.064910517301843 1.095032935505519
4.471401569032027 1.0944788400222782
4.8778926207622115 1.0939243920290158
5.284383672492396 1.0933696115110254
5.69087472422258 1.0928145173454926
6.097365775952764 1.0922591273606919
6.503856827682949 1.0917034583922318
6.910347879413133 1.0911475263364918
7.316838931143318 1.0905913462013532
7.723329982873501 1.0900349321543588
8.129821034603687 1.0894782975684
8.53631208633387 1.088921455065053
8.942803138064054 1.0883644165556692
9.34929418979424 1.0878071932803204
9.755785241524423 1.087249795844708
10.162276293254607 1.0866922342551244
10.568767344984792 1.0861345179515673
10.975258396714976 1.0855766558390922
11.38174944844516 1.0850186563174935
11.788240500175345 1.084460527309394
12.194731551905528 1.0839022762868271
12.601222603635714 1.0833439102963793
13.007713655365897 1.0827854359829783
13.414204707096081 1.0822268596123825
13.820695758826266 1.081668187092451
14.22718681055645 1.0811094239932484
14.633677862286635 1.08055057556605
15.040168914016819 1.0799916467613049
15.446659965747003 1.0794326422456038
15.853151017477188 1.0788735664177227
16.259642069207374 1.078314423423766
16.666133120937555 1.0777552171714817
17.07262417266774 1.077195951343775
17.479115224397926 1.0766366294114738
17.885606276128108 1.076077254645382
18.292097327858293 1.075517830127659
18.69858837958848 1.0749583587625648
19.10507943131866 1.0743988432866027
19.511570483048846 1.0738392862780917
19.91806153477903 1.0732796901662038
20.324552586509213 1.0727200572394917
20.7310436382394 1.0721603896539342
21.137534689969584 1.0716006894405337
21.544025741699766 1.0710409585124778
21.95051679342995 1.0704811986719
22.357007845160137 1.0699214116162579
22.76349889689032 1.0693615989443468
23.169989948620504 1.0688017621619779
23.57648100035069 1.0682419026873253
23.982972052080875 1.06768202185598
24.389463103811057 1.067122120925707
24.795954155541242 1.0665622010809348
25.202445207271428 1.0660022634369914
25.60893625900161 1.065442309044094
26.015427310731795 1.0648823388911148
26.42191836246198 1.0643223539091298
26.828409414192162 1.0637623549747628
27.234900465922347 1.0632023429133417
27.641391517652533 1.0626423185018716
28.047882569382715 1.0620822824718363
28.4543736211129 1.0615222355118439
28.860864672843086 1.060962178270111
29.26735572457327 1.0604021113568167
29.673846776303453 1.0598420353463105
30.080337828033638 1.0592819507791977
30.486828879763824 1.0587218581643052
30.893319931494005 1.058161757980532
31.29981098322419 1.0576016506785932
31.706302034954376 1.0570415366826662
32.11279308668456 1.056481416391936
32.51928413841475 1.055921290182058
32.925775190144925 1.0553611584065319
33.33226624187511 1.0548010213979948
33.738757293605296 1.0542408794694453
34.14524834533548 1.0536807329153908
34.55173939706567 1.0531205820129295
34.95823044879585 1.052560427022773
35.36472150052603 1.0520002681902072
35.771212552256216 1.0514401057459934
36.1777036039864 1.0508799399072253
36.58419465571659 1.0503197708781298
36.99068570744677 1.0497595988508224
37.39717675917696 1.0491994240060216
37.803667810907136 1.0486392465137164
38.21015886263732 1.048079066533801
38.61664991436751 1.0475188842166663
39.02314096609769 1.0469586997037623
39.42963201782788 1.0463985131281242
39.83612306955806 1.0458383246148688
40.24261412128825 1.045278134281662
40.64910517301843 1.0447179422391588
41.05559622474861 1.044157748591419
41.4620872764788 1.0435975534362933
41.86857832820898 1.0430373568657947
42.27506937993917 1.0424771589664423
42.681560431669354 1.0419169598195863
43.08805148339953 1.041356759501714
43.49454253512972 1.0407965580847405
43.9010335868599 1.0402363556362768
44.30752463859009 1.0396761522198867
44.714015690320274 1.0391159478953276
45.12050674205046 1.038555742718775
45.52699779378064 1.037995536743038
45.93348884551082 1.0374353300177566
46.33997989724101 1.036875122589592
46.746470948971194 1.0363149145024042
47.15296200070138 1.0357547057974177
47.559453052431564 1.0351944965133795
47.96594410416175 1.034634286686706
48.37243515589193 1.0340740763516232
48.77892620762211 1.0335138655402962
49.1854172593523 1.0329536542829543
49.591908311082484 1.0323934426080044
49.99839936281267 1.0318332305421396
50.404890414542855 1.0312730181104457
50.81138146627303 1.0307128053364936
51.21787251800322 1.0301525922424302
51.624363569733404 1.0295923788490666
52.03085462146359 1.0290321651759549
52.437345673193775 1.0284719512414664
52.84383672492396 1.0279117370628599
53.250327776654146 1.02735152265635
53.656818828384324 1.0267913080371718
54.06330988011451 1.0262310932196348
54.469800931844695 1.0256708782171828
54.87629198357488 1.0251106630424458
55.282783035305066 1.0245504477072862
55.68927408703525 1.0239902322228467
56.09576513876543 1.023430016599595
56.502256190495615 1.0228698008473627
56.9087472422258 1.0223095849753834
57.315238293955986 1.021749368992331
57.72172934568617 1.0211891529063504
58.12822039741636 1.0206289367250936
58.53471144914654 1.0200687204557453
58.94120250087672 1.0195085041050531
59.347693552606906 1.0189482876793552
59.75418460433709 1.018388071184602
60.160675656067276 1.0178278546263833
60.56716670779746 1.0172676380099472
60.97365775952765 1.016707421340223
61.380148811257826 1.0161472046218376
61.78663986298801 1.0155869878591384
62.193130914718196 1.0150267710562058
62.59962196644838 1.014466554216872
63.00611301817857 1.0139063373447355
63.41260406990875 1.0133461204431753
63.81909512163893 1.0127859035153646
64.22558617336912 1.0122256865642818
64.63207722509931 1.0116654695927247
65.0385682768295 1.0111052526033204
65.44505932855967 1.0105450355985344
65.85155038028985 1.0099848185806835
66.25804143202004 1.009424601551942
66.66453248375022 1.0088643845143526
67.0710235354804 1.0083041674698316
67.47751458721059 1.0077439504201813
67.88400563894078 1.0071837333670919
68.29049669067096 1.006623516312151
68.69698774240115 1.00606329925685
69.10347879413133 1.00550308220259
69.50996984586152 1.0049428651506858
69.9164608975917 1.0043826481023725
70.32295194932188 1.0038224310588106
70.72944300105206 1.0032622140210907
71.13593405278225 1.0027019969902355
71.54242510451243 1.0021417799672074
71.94891615624262 1.0015815629529103
72.3554072079728 1.0010213459481925
72.76189825970299 1.000461128953852
73.16838931143317 0.9999009119706388
73.57488036316336 0.9993406949992567
73.98137141489354 0.9987804780403687
74.38786246662373 0.998220261094597
74.79435351835392 0.9976600441625268
75.2008445700841 0.9970998272447094
75.60733562181427 0.9965396103416609
76.01382667354446 0.9959793934538692
76.42031772527464 0.9954191765817919
76.82680877700483 0.9948589597258601
77.23329982873501 0.9942987428864793
77.6397908804652 0.9937385260640316
78.04628193219538 0.9931783092588764
78.45277298392557 0.992618092471352
78.85926403565576 0.9920578757017776
79.26575508738594 0.9914976589504537
79.67224613911613 0.9909374422176638
80.07873719084631 0.9903772255036748
80.4852282425765 0.9898170088087391
80.89171929430667 0.9892567921330936
81.29821034603685 0.9886965754769638
81.70470139776704 0.9881363588405611
82.11119244949722 0.9875761422240863
82.51768350122741 0.9870159256277282
82.9241745529576 0.9864557090516656
83.33066560468778 0.9858954924960681
83.73715665641797 0.9853352759610966
84.14364770814815 0.9847750594469024
84.55013875987834 0.9842148429536296
84.95662981160852 0.9836546264814149
85.36312086333871 0.9830944100303873
85.7696119150689 0.9825341936006702
86.17610296679906 0.9819739771923809
86.58259401852925 0.9814137608056297
86.98908507025943 0.9808535444405234
87.39557612198962 0.9802933280971622
87.8020671737198 0.9797331117756427
88.20855822544999 0.9791728954760561
88.61504927718018 0.97861267919849
89.02154032891036 0.9780524629430284
89.42803138064055 0.9774922467097515
89.83452243237073 0.9769320304987362
90.24101348410092 0.9763718143100553
90.6475045358311 0.97581159814378
91.05399558756127 0.975251381999978
91.46048663929146 0.974691165878715
91.86697769102165 0.9741309497800527
92.27346874275183 0.9735707337040529
92.67995979448202 0.9730105176507731
93.0864508462122 0.9724503016202702
93.49294189794239 0.9718900856125985
93.89943294967257 0.9713298696278109
94.30592400140276 0.9707696536659587
94.71241505313294 0.9702094377270919
95.11890610486313 0.9696492218112587
95.52539715659331 0.9690890059185056
95.9318882083235 0.9685287900488784
96.33837926005367 0.967968574202422
96.74487031178386 0.9674083583791799
97.15136136351404 0.9668481425791945
97.55785241524423 0.966287926802507
97.96434346697441 0.9657277110491586
98.3708345187046 0.9651674953191889
98.77732557043478 0.964607279612637
99.18381662216497 0.9640470639295413
99.59030767389515 0.9634868482699391
99.99679872562534 0.9629266326338684
100.40328977735552 0.962366417021365
100.80978082908571 0.9618062014324655
101.2162718808159 0.9612459858672047
101.62276293254607 0.9606857703256181
102.02925398427625 0.9601255548077404
102.43574503600644 0.9595653393136058
102.84223608773662 0.959005123843247
103.24872713946681 0.9584449083966995
103.655218191197 0.9578846929739953
104.06170924292718 0.9573244775751673
104.46820029465736 0.9567642622002479
104.87469134638755 0.9562040468492705
105.28118239811774 0.9556438315222668
105.68767344984792 0.9550836162192681
106.0941645015781 0.9545234009403069
106.50065555330829 0.9539631856854145
106.90714660503846 0.9534029704546221
107.31363765676865 0.9528427552479609
107.72012870849883 0.9522825400654623
108.12661976022902 0.9517223249071576
108.5331108119592 0.9511621097730769
108.93960186368939 0.9506018946632514
109.34609291541958 0.9500416795777117
109.75258396714976 0.9494814645164886
110.15907501887995 0.9489212494796122
110.56556607061013 0.9483610344671134
110.97205712234032 0.9478008194790224
111.3785481740705 0.9472406045153694
111.78503922580069 0.9466803895761849
112.19153027753086 0.946120174661499
112.59802132926104 0.9455599597713418
113.00451238099123 0.9449997449057441
113.41100343272142 0.9444395300647354
113.8174944844516 0.9438793152483463
114.22398553618179 0.9433191004566064
114.63047658791197 0.9427588856895465
115.03696763964216 0.9421986709471962
115.44345869137234 0.9416384562295862
115.84994974310253 0.9410782415367461
116.25644079483271 0.9405180268687063
116.6629318465629 0.9399578122254971
117.06942289829308 0.9393975976071482
117.47591395002325 0.9388373830136904
117.88240500175344 0.9382771684451535
118.28889605348363 0.9377169539015677
118.69538710521381 0.9371567393829636
119.101878156944 0.9365965248893712
119.50836920867418 0.9360363104208207
119.91486026040437 0.9354760959773426
120.32135131213455 0.9349158815589674
120.72784236386474 0.9343556671657253
121.13433341559492 0.9337954527976466
121.54082446732511 0.9332352384547621
121.9473155190553 0.9326750241371019
122.35380657078547 0.932114809844697
122.76029762251565 0.9315545955775777
123.16678867424584 0.9309943813357747
123.57327972597602 0.9304341671193186
123.97977077770621 0.9298739529282399
124.38626182943639 0.9293137387625698
124.79275288116658 0.9287535246223386
125.19924393289676 0.9281933105075777
125.60573498462695 0.9276330964183176
126.01222603635713 0.9270728823545893
126.41871708808732 0.9265126683164238
126.8252081398175 0.9259524543038519
127.23169919154769 0.9253922403169049
127.63819024327786 0.9248320263556142
128.04468129500805 0.9242718124200106
128.45117234673825 0.9237115985101253
128.85766339846842 0.9231513846259893
129.26415445019862 0.9225911707676347
129.6706455019288 0.9220309569350926
130.077136553659 0.921470743128394
130.48362760538916 0.920910529347571
130.89011865711933 0.9203503155926545
131.29660970884953 0.9197901018636766
131.7031007605797 0.9192298881606689
132.1095918123099 0.9186696744836628
132.51608286404007 0.91810946083269
132.92257391577027 0.9175492472077829
133.32906496750044 0.9169890336089727
133.73555601923064 0.9164288200362917
134.1420470709608 0.915868606489772
134.548538122691 0.9153083929694451
134.95502917442118 0.9147481794753436
135.36152022615136 0.9141879660074995
135.76801127788156 0.9136277525659451
136.17450232961173 0.9130675391507123
136.58099338134193 0.9125073257618339
136.9874844330721 0.9119471123993419
137.3939754848023 0.9113868990632689
137.80046653653247 0.9108266857536473
138.20695758826267 0.9102664724705097
138.61344863999284 0.9097062592138889
139.01993969172304 0.9091460459838177
139.4264307434532 0.9085858327803281
139.8329217951834 0.9080256196034536
140.23941284691358 0.9074654064532267
140.64590389864375 0.9069051933296806
141.05239495037395 0.9063449802328478
141.45888600210412 0.9057847671627617
141.86537705383432 0.9052245541194557
142.2718681055645 0.904664341102962
142.6783591572947 0.9041041281133148
143.08485020902486 0.9035439151505469
143.49134126075506 0.9029837022146916
143.89783231248524 0.9024234893057824
144.30432336421543 0.9018632764238528
144.7108144159456 0.9013030635689364
145.1173054676758 0.9007428507410666
145.52379651940598 0.9001826379402773
145.93028757113615 0.8996224251666021
146.33677862286635 0.8990622124200743
146.74326967459652 0.8985019997007286
147.14976072632672 0.8979417870085981
147.5562517780569 0.8973815743437175
147.9627428297871 0.8968213617061201
148.36923388151726 0.8962611490958408
148.77572493324746 0.8957009365129129
149.18221598497763 0.8951407239573711
149.58870703670783 0.8945805114292499
149.995198088438 0.894020298928583
150.4016891401682 0.8934600864554054
150.80818019189837 0.892899874009751
151.21467124362854 0.8923396615916551
151.62116229535874 0.8917794492011517
152.02765334708891 0.8912192368382754
152.43414439881911 0.8906590245030616
152.84063545054929 0.8900988121955443
153.24712650227949 0.8895385999157591
153.65361755400966 0.8889783876637406
154.06010860573986 0.8884181754395235
154.46659965747003 0.8878579632431435
154.87309070920023 0.8872977510746352
155.2795817609304 0.886737538934034
155.6860728126606 0.8861773268213751
156.09256386439077 0.8856171147366938
156.49905491612094 0.8850569026800258
156.90554596785114 0.8844966906514063
157.3120370195813 0.8839364786508708
157.7185280713115 0.8833762666784551
158.12501912304168 0.8828160547341948
158.53151017477188 0.8822558428181254
158.93800122650205 0.8816956309302828
159.34449227823225 0.8811354190707031
159.75098332996242 0.8805752072394222
160.15747438169262 0.880014995436476
160.5639654334228 0.8794547836619004
160.970456485153 0.8788945719157323
161.37694753688316 0.8783343601980067
161.78343858861334 0.8777741485087606
162.18992964034354 0.8772139368480305
162.5964206920737 0.8766537252158525
163.0029117438039 0.8760935136122635
163.40940279553408 0.8755333020372995
163.81589384726428 0.8749730904909975
164.22238489899445 0.8744128789733939
164.62887595072465 0.8738526674845261
165.03536700245482 0.8732924560244304
165.44185805418502 0.8727322445931438
165.8483491059152 0.8721720331907032
166.2548401576454 0.8716118218171459
166.66133120937556 0.8710516104725089
167.06782226110573 0.8704913991568296
167.47431331283593 0.869931187870145
167.8808043645661 0.8693709766124924
168.2872954162963 0.8688107653839097
168.69378646802647 0.8682505541844338
169.10027751975667 0.8676903430141026
169.50676857148684 0.867130131872954
169.91325962321704 0.8665699207610249
170.31975067494722 0.8660097096783536
170.72624172667742 0.865449498624978
171.1327327784076 0.864889287600936
171.5392238301378 0.8643290766062655
171.94571488186796 0.8637688656410046
172.35220593359813 0.8632086547051915
172.75869698532833 0.8626484437988645
173.1651880370585 0.8620882329220616
173.5716790887887 0.8615280220748214
173.97817014051887 0.8609678112571824
174.38466119224907 0.8604076004691832
174.79115224397924 0.8598473897108619
175.19764329570944 0.8592871789822578
175.6041343474396 0.8587269682834091
176.0106253991698 0.8581667576143551
176.41711645089998 0.8576065469751344
176.82360750263018 0.8570463363657863
177.23009855436035 0.8564861257863494
177.63658960609052 0.855925915236863
178.04308065782072 0.8553657047173666
178.4495717095509 0.854805494227899
178.8560627612811 0.8542452837685002
179.26255381301127 0.8536850733392088
179.66904486474147 0.8531248629400651
180.07553591647164 0.8525646525711083
180.48202696820184 0.852004442232378
180.888518019932 0.8514442319239143
181.2950090716622 0.8508840216457568
181.70150012339238 0.8503238113979452
182.10799117512255 0.8497636011805199
182.51448222685275 0.8492033909935207
182.92097327858292 0.8486431808369881
183.32746433031312 0.8480829707109618
183.7339553820433 0.8475227606154823
184.1404464337735 0.8469625505505903
184.54693748550366 0.8464023405163259
184.95342853723386 0.8458421305127299
185.35991958896403 0.8452819205398426
185.76641064069423 0.8447217105977053
186.1729016924244 0.844161500686358
186.5793927441546 0.8436012908058419
186.98588379588477 0.8430410809561981
187.39237484761495 0.8424808711374677
187.79886589934515 0.8419206613496916
188.20535695107532 0.841360451592911
188.61184800280552 0.8408002418671671
189.0183390545357 0.8402400321725018
189.4248301062659 0.8396798225089558
189.83132115799606 0.839119612876571
190.23781220972626 0.838559403275389
190.64430326145643 0.8379991937054514
191.05079431318663 0.8374389841668003
191.4572853649168 0.836878774659477
191.863776416647 0.8363185651835239
192.27026746837717 0.8357583557389828
192.67675852010734 0.8351981463258961
193.08324957183754 0.8346379369443055
193.4897406235677 0.8340777275942537
193.8962316752979 0.8335175182757832
194.30272272702808 0.832957308988936
194.70921377875828 0.8323970997337549
195.11570483048845 0.8318368905102823
195.52219588221865 0.8312766813185614
195.92868693394882 0.8307164721586344
196.33517798567902 0.8301562630305444
196.7416690374092 0.8295960539343347
197.1481600891394 0.8290358448700479
197.55465114086957 0.8284756358377275
197.96114219259974 0.8279154268374166
198.36763324432994 0.8273552178691583
198.7741242960601 0.8267950089329963
199.1806153477903 0.8262348000289739
199.58710639952048 0.825674591157135
199.99359745125068 0.8251143823175228
200.40008850298085 0.8245541735101815
200.80657955471105 0.8239939647351547
201.21307060644122 0.8234337559924866
201.61956165817142 0.8228735472822208
202.0260527099016 0.822313338604402
202.4325437616318 0.8217531299590738
202.83903481336196 0.8211929213462809
203.24552586509213 0.8206327127660676
203.65201691682233 0.8200725042184783
204.0585079685525 0.8195122957035579
204.4649990202827 0.8189520872213505
204.87149007201288 0.8183918787719012
205.27798112374307 0.8178316703552551
205.68447217547325 0.8172714619714567
206.09096322720345 0.8167112536205511
206.49745427893362 0.8161510453025835
206.90394533066382 0.8155908370175994
207.310436382394 0.8150306287656439
207.7169274341242 0.8144704205467621
208.12341848585436 0.8139102123609998
208.52990953758453 0.8133500042084028
208.93640058931473 0.8127897960890162
209.3428916410449 0.8122295880028866
209.7493826927751 0.8116693799500591
210.15587374450527 0.81110917193058
210.56236479623547 0.8105489639444956
210.96885584796564 0.8099887559918516
211.37534689969584 0.8094285480726944
211.781837951426 0.8088683401870707
212.1883290031562 0.8083081323350263
212.59482005488638 0.8077479245166084
213.00131110661658 0.8071877167318634
213.40780215834675 0.8066275089808381
213.81429321007693 0.8060673012635792
214.22078426180713 0.8055070935801336
214.6272753135373 0.8049468859305486
215.0337663652675 0.8043866783148713
215.44025741699767 0.8038264707331485
215.84674846872787 0.8032662631854282
216.25323952045804 0.8027060556717572
216.65973057218824 0.8021458481921833
217.0662216239184 0.8015856407467542
217.4727126756486 0.8010254333355176
217.87920372737878 0.8004652259585213
218.28569477910898 0.7999050186158131
218.69218583083915 0.7993448113074413
219.09867688256932 0.7987846040334539
219.50516793429952 0.7982243967938989
219.9116589860297 0.797664189588825
220.3181500377599 0.7971039824182804
220.72464108949006 0.7965437752823138
221.13113214122026 0.7959835681809738
221.53762319295043 0.795423361114309
221.94411424468063 0.7948631540823685
222.3506052964108 0.7943029470852011
222.757096348141 0.7937427401228557
223.16358739987118 0.7931825331953817
223.57007845160138 0.7926223263028281
223.97656950333155 0.7920621194452447
224.38306055506172 0.7915019126226809
224.78955160679192 0.7909417058351856
225.1960426585221 0.7903814990828093
225.6025337102523 0.7898212923656013
226.00902476198246 0.7892610856836116
226.41551581371266 0.7887008790368906
226.82200686544283 0.7881406724254876
227.22849791717303 0.7875804658494536
227.6349889689032 0.7870202593088386
228.0414800206334 0.7864600528036927
228.44797107236357 0.785899846334067
228.85446212409377 0.7853396399000118
229.26095317582394 0.7847794335015778
229.6674442275541 0.7842192271388161
230.0739352792843 0.7836590208117776
230.48042633101448 0.7830988145205136
230.88691738274468 0.7825386082650747
231.29340843447486 0.7819784020455125
231.69989948620506 0.7814181958618787
232.10639053793523 0.7808579897142243
232.51288158966543 0.7802977836026013
232.9193726413956 0.7797375775270613
233.3258636931258 0.7791773714876562
233.73235474485597 0.7786171654844379
234.13884579658617 0.7780569595174586
234.54533684831634 0.7774967535867704
234.9518279000465 0.7769365476924256
235.3583189517767 0.7763763418344767
235.76481000350688 0.7758161360129758
236.17130105523708 0.7752559302279763
236.57779210696725 0.7746957244795304
236.98428315869745 0.7741355187676909
237.39077421042762 0.7735753130925115
237.79726526215782 0.7730151074540443
238.203756313888 0.7724549018523432
238.6102473656182 0.7718946962874614
239.01673841734836 0.7713344907594523
239.42322946907854 0.7707742852683693
239.82972052080873 0.7702140798142664
240.2362115725389 0.7696538743971972
240.6427026242691 0.7690936690172158
241.04919367599928 0.7685334636743759
241.45568472772948 0.7679732583687319
241.86217577945965 0.7674130531003378
242.26866683118985 0.7668528478692485
242.67515788292002 0.766292642675518
243.08164893465022 0.7657324375192012
243.4881399863804 0.7651722324003527
243.8946310381106 0.7646120273190277
244.30112208984076 0.7640518222752807
244.70761314157093 0.7634916172691671
245.11410419330113 0.7629314123007422
245.5205952450313 0.7623712073700611
245.9270862967615 0.7618110024771796
246.33357734849167 0.761250797622153
246.74006840022187 0.7606905928050368
247.14655945195204 0.7601303880258875
247.55305050368224 0.7595701832847607
247.95954155541241 0.7590099785817124
248.3660326071426 0.758449773916799
248.77252365887279 0.7578895692900767
249.17901471060298 0.7573293647016021
249.58550576233316 0.7567691601514316
249.99199681406333 0.7562089556396221
250.39848786579353 0.7556487511662304
250.8049789175237 0.7550885467313136
251.2114699692539 0.7545283423349284
251.61796102098407 0.7539681379771324
252.02445207271427 0.7534079336579826
252.43094312444444 0.7528477293775369
252.83743417617464 0.7522875251358528
253.2439252279048 0.7517273209329876
253.650416279635 0.7511671167689995
254.05690733136518 0.7506069126439467
254.46339838309538 0.750046708557887
254.86988943482555 0.7494865045108785
255.27638048655572 0.7489263005029803
255.68287153828592 0.7483660965342502
256.0893625900161 0.7478058926047472
256.4958536417463 0.7472456887145297
256.9023446934765 0.746685484863657
257.30883574520664 0.7461252810521881
257.71532679693684 0.7455650772801822
258.12181784866704 0.7450048735476983
258.52830890039723 0.7444446698547961
258.9347999521274 0.743884466201535
259.3412910038576 0.7433242625879749
259.7477820555878 0.7427640590141757
260.154273107318 0.7422038554801972
260.5607641590481 0.7416436519860993
260.9672552107783 0.7410834485319429
261.3737462625085 0.7405232451177879
261.78023731423866 0.7399630417436948
262.18672836596886 0.7394028384097245
262.59321941769906 0.7388426351159377
262.99971046942926 0.7382824318623955
263.4062015211594 0.7377222286491584
263.8126925728896 0.7371620254762884
264.2191836246198 0.7366018223438464
264.62567467635 0.7360416192518939
265.03216572808014 0.7354814162004928
265.43865677981034 0.7349212131897049
265.84514783154054 0.7343610102195917
266.2516388832707 0.7338008072902155
266.6581299350009 0.7332406044016384
267.0646209867311 0.732680401553923
267.4711120384613 0.7321201987471317
267.8776030901914 0.7315599959813269
268.2840941419216 0.7309997932565716
268.6905851936518 0.7304395905729287
269.097076245382 0.7298793879304614
269.50356729711217 0.7293191853292325
269.91005834884237 0.7287589827693058
270.31654940057257 0.7281987802507446
270.7230404523027 0.7276385777736124
271.1295315040329 0.7270783753379734
271.5360225557631 0.7265181729438912
271.9425136074933 0.72595797059143
272.34900465922345 0.7253977682806539
272.75549571095365 0.7248375660116275
273.16198676268385 0.7242773637844155
273.56847781441405 0.723717161599082
273.9749688661442 0.7231569594556924
274.3814599178744 0.7225967573543114
274.7879509696046 0.7220365552950043
275.1944420213348 0.7214763532778362
275.60093307306494 0.7209161513028727
276.00742412479514 0.7203559493701794
276.41391517652534 0.719795747479822
276.8204062282555 0.7192355456318663
277.2268972799857 0.7186753438263787
277.6333883317159 0.7181151420634252
278.0398793834461 0.7175549403430719
278.4463704351762 0.7169947386653857
278.8528614869064 0.7164345370304332
279.2593525386366 0.7158743354382812
279.6658435903668 0.7153141338889967
280.07233464209696 0.7147539323826465
280.47882569382716 0.7141937309192985
280.88531674555736 0.7136335294990198
281.2918077972875 0.7130733281218783
281.6982988490177 0.7125131267879415
282.1047899007479 0.7119529254972775
282.5112809524781 0.7113927242499541
282.91777200420825 0.7108325230460399
283.32426305593845 0.7102723218856034
283.73075410766864 0.7097121207687129
284.13724515939884 0.7091519196954374
284.543736211129 0.7085917186658458
284.9502272628592 0.7080315176800069
285.3567183145894 0.7074713167379904
285.7632093663196 0.7069111158398651
286.16970041804973 0.7063509149857009
286.5761914697799 0.7057907141755677
286.9826825215101 0.7052305134095351
287.38917357324027 0.7046703126876733
287.79566462497047 0.7041101120100527
288.20215567670067 0.7035499113767434
288.60864672843087 0.702989710787816
289.015137780161 0.7024295102433415
289.4216288318912 0.7018693097433907
289.8281198836214 0.7013091092880346
290.2346109353516 0.7007489088773445
290.64110198708175 0.7001887085113917
291.04759303881195 0.699628508190248
291.45408409054215 0.6990683079139852
291.8605751422723 0.6985081076826749
292.2670661940025 0.6979479074963897
292.6735572457327 0.6973877073552012
293.0800482974629 0.6968275072591824
293.48653934919304 0.6962673072084057
293.89303040092324 0.6957071072029443
294.29952145265344 0.6951469072428705
294.70601250438364 0.694586707328258
295.1125035561138 0.69402650745918
295.518994607844 0.69346630763571
295.9254856595742 0.6929061078579217
296.3319767113044 0.6923459081258889
296.7384677630345 0.6917857084396856
297.1449588147647 0.6912255087993864
297.5514498664949 0.6906653092050654
297.95794091822506 0.6901051096567971
298.36443196995526 0.6895449101546565
298.77092302168546 0.6889847106987185
299.17741407341566 0.6884245112890579
299.5839051251458 0.6878643119257507
299.990396176876 0.687304112608872
300.3968872286062 0.6867439133384973
300.8033782803364 0.6861837141147028
301.20986933206655 0.6856235149375645
301.61636038379675 0.6850633158071587
302.02285143552695 0.6845031167235617
302.4293424872571 0.6839429176868501
302.8358335389873 0.6833827186971009
303.2423245907175 0.6828225197543907
303.6488156424477 0.6822623208587975
304.05530669417783 0.6817021220103977
304.46179774590803 0.6811419232092697
304.86828879763823 0.6805817244554906
305.27477984936843 0.6800215257491387
305.68127090109857 0.6794613270902923
306.08776195282877 0.6789011284790295
306.49425300455897 0.6783409299154285
306.90074405628917 0.6777807313995687
307.3072351080193 0.6772205329315287
307.7137261597495 0.6766603345113877
308.1202172114797 0.6761001361392247
308.52670826320985 0.6755399378151198
308.93319931494005 0.6749797395391524
309.33969036667025 0.6744195413114021
309.74618141840045 0.6738593431319494
310.1526724701306 0.6732991450008746
310.5591635218608 0.6727389469182581
310.965654573591 0.6721787488841805
311.3721456253212 0.6716185508987229
311.77863667705134 0.6710583529619667
312.18512772878154 0.6704981550739925
312.59161878051174 0.6699379572348821
312.9981098322419 0.6693777594447177
313.4046008839721 0.6688175617035806
313.8110919357023 0.6682573640115534
314.2175829874325 0.6676971663687181
314.6240740391626 0.6671369687751574
315.0305650908928 0.6665767712309542
315.437056142623 0.6660165737361909
315.8435471943532 0.6654563762909514
316.25003824608336 0.6648961788953188
316.65652929781356 0.6643359815493768
317.06302034954376 0.6637757842532088
317.4695114012739 0.6632155870068993
317.8760024530041 0.6626553898105323
318.2824935047343 0.6620951926641925
318.6889845564645 0.6615349955679639
319.09547560819465 0.660974798521932
319.50196665992485 0.660414601526182
319.90845771165505 0.6598544045807988
320.31494876338525 0.6592942076858681
320.7214398151154 0.6587340108414756
321.1279308668456 0.6581738140477076
321.5344219185758 0.6576136173046494
321.940912970306 0.6570534206123884
322.34740402203613 0.6564932239710104
322.75389507376633 0.6559330273806029
323.16038612549653 0.6553728308412526
323.5668771772267 0.6548126343530469
323.9733682289569 0.6542524379160735
324.37985928068707 0.6536922415304197
324.78635033241727 0.653132045196174
325.1928413841474 0.6525718489134243
325.5993324358776 0.652011652682259
326.0058234876078 0.6514514565027667
326.412314539338 0.6508912603750365
326.81880559106816 0.6503310642991573
327.22529664279836 0.6497708682752186
327.63178769452855 0.64921067230331
328.0382787462587 0.6486504763835208
328.4447697979889 0.6480902805159416
328.8512608497191 0.6475300847006625
329.2577519014493 0.6469698889377741
329.66424295317944 0.6464096932273669
330.07073400490964 0.6458494975695319
330.47722505663984 0.6452893019643605
330.88371610837004 0.6447291064119439
331.2902071601002 0.6441689109123744
331.6966982118304 0.643608715465743
332.1031892635606 0.6430485200721424
332.5096803152908 0.6424883247316651
332.9161713670209 0.6419281294444034
333.3226624187511 0.6413679342104504
333.7291534704813 0.6408077390298991
334.13564452221146 0.6402475439028431
334.54213557394166 0.6396873488293761
334.94862662567186 0.6391271538095913
335.35511767740206 0.6385669588435835
335.7616087291322 0.6380067639314468
336.1680997808624 0.6374465690732758
336.5745908325926 0.6368863742691655
336.9810818843228 0.6363261795192107
337.38757293605295 0.6357659848235071
337.79406398778315 0.6352057901821504
338.20055503951335 0.6346455955952358
338.6070460912435 0.6340854010628602
339.0135371429737 0.6335252065851197
339.4200281947039 0.6329650121621109
339.8265192464341 0.6324048177939304
340.23301029816423 0.6318446234806758
340.63950134989443 0.6312844292224441
341.04599240162463 0.6307242350193334
341.45248345335483 0.6301640408714414
341.858974505085 0.6296038467788663
342.2654655568152 0.6290436527417064
342.6719566085454 0.6284834587600606
343.0784476602756 0.6279232648340277
343.4849387120057 0.6273630709637072
343.8914297637359 0.6268028771491986
344.2979208154661 0.6262426833906011
344.70441186719626 0.6256824896880157
345.11090291892646 0.6251222960415418
345.51739397065666 0.6245621024512803
345.92388502238686 0.6240019089173322
346.330376074117 0.6234417154397988
346.7368671258472 0.6228815220187808
347.1433581775774 0.6223213286543804
347.5498492293076 0.6217611353466995
347.95634028103774 0.6212009420958402
348.36283133276794 0.6206407489019051
348.76932238449814 0.6200805557649968
349.1758134362283 0.6195203626852184
349.5823044879585 0.6189601696626734
349.9887955396887 0.6183999766974652
350.3952865914189 0.6178397837896977
350.801777643149 0.6172795909394753
351.2082686948792 0.6167193981469021
351.6147597466094 0.6161592054120831
352.0212507983396 0.6155990127351234
352.42774185006976 0.6150388201161279
352.83423290179996 0.6144786275552028
353.24072395353016 0.6139184350524534
353.64721500526036 0.6133582426079862
354.0537060569905 0.6127980502219077
354.4601971087207 0.6122378578943245
354.8666881604509 0.6116776656253439
355.27317921218105 0.6111174734150729
355.67967026391125 0.6105572812636195
356.08616131564145 0.6099970891710912
356.49265236737165 0.6094368971375967
356.8991434191018 0.6088767051632443
357.305634470832 0.6083165132481428
357.7121255225622 0.6077563213924017
358.1186165742924 0.60719612959613
358.52510762602253 0.6066359378594375
358.93159867775273 0.6060757461824345
359.33808972948293 0.6055155545652312
359.7445807812131 0.6049553630079383
360.1510718329433 0.6043951715106666
360.5575628846735 0.6038349800735275
360.9640539364037 0.6032747886966325
361.3705449881338 0.6027145973800936
361.777036039864 0.6021544061240232
362.1835270915942 0.6015942149285335
362.5900181433244 0.6010340237937374
362.99650919505456 0.600473832719748
363.40300024678476 0.5999136417066789
363.80949129851496 0.599353450754644
364.2159823502451 0.5987932598637571
364.6224734019753 0.5982330690341329
365.0289644537055 0.5976728782658859
365.4354555054357 0.5971126875591312
365.84194655716584 0.5965524969139844
366.24843760889604 0.595992306330561
366.65492866062624 0.595432115808977
367.06141971235644 0.5948719253493491
367.4679107640866 0.5943117349517938
367.8744018158168 0.5937515446164281
368.280892867547 0.5931913543433693
368.6873839192772 0.5926311641327353
369.0938749710073 0.5920709739846439
369.5003660227375 0.5915107838992136
369.9068570744677 0.590950593876563
370.31334812619787 0.5903904039168114
370.71983917792807 0.5898302140200778
371.12633022965827 0.5892700241864821
371.53282128138846 0.5887098344161444
371.9393123331186 0.5881496447091851
372.3458033848488 0.5875894550657248
372.752294436579 0.5870292654858846
373.1587854883092 0.586469075969786
373.56527654003935 0.5859088865175508
373.97176759176955 0.5853486971293015
374.37825864349975 0.5847885078051597
374.7847496952299 0.5842283185452489
375.1912407469601 0.5836681293496923
375.5977317986903 0.5831079402186132
376.0042228504205 0.5825477511521354
376.41071390215063 0.5819875621503836
376.81720495388083 0.581427373213482
377.22369600561103 0.5808671843415557
377.63018705734123 0.5803069955347302
378.0366781090714 0.579746806793131
378.4431691608016 0.5791866181168841
378.8496602125318 0.5786264295061161
379.256151264262 0.5780662409609536
379.6626423159921 0.5775060524815243
380.0691333677223 0.5769458640679551
380.4756244194525 0.5763856757203741
380.88211547118266 0.5758254874389098
381.28860652291286 0.5752652992236906
381.69509757464306 0.5747051110748457
382.10158862637326 0.5741449229925044
382.5080796781034 0.5735847349767966
382.9145707298336 0.5730245470278523
383.3210617815638 0.5724643591458022
383.727552833294 0.571904171330777
384.13404388502414 0.5713439835829083
384.54053493675434 0.5707837959023276
384.94702598848454 0.5702236082891674
385.3535170402147 0.5696634207435596
385.7600080919449 0.5691032332656374
386.1664991436751 0.568543045855534
386.5729901954053 0.567982858513383
386.9794812471354 0.5674226712393186
387.3859722988656 0.5668624840334753
387.7924633505958 0.5663022968959875
388.198954402326 0.565742109826991
388.60544545405617 0.5651819228266212
389.01193650578637 0.5646217358950139
389.41842755751657 0.564061549032306
389.82491860924677 0.5635013622386342
390.2314096609769 0.5629411755141358
390.6379007127071 0.5623809888589486
391.0443917644373 0.5618208022732102
391.45088281616745 0.5612606157570598
391.85737386789765 0.5607004293106356
392.26386491962785 0.5601402429340776
392.67035597135805 0.5595800566275252
393.0768470230882 0.5590198703911186
393.4833380748184 0.5584596842249985
393.8898291265486 0.5578994981293058
394.2963201782788 0.5573393121041822
394.70281123000893 0.5567791261497693
395.10930228173913 0.5562189402662094
395.51579333346933 0.5556587544536454
395.9222843851995 0.5550985687122204
396.3287754369297 0.5545383830420783
396.7352664886599 0.5539781974433624
397.1417575403901 0.5534180119162178
397.5482485921202 0.552857826460789
397.9547396438504 0.5522976410772217
398.3612306955806 0.5517374557656616
398.7677217473108 0.5511772705262549
399.17421279904096 0.5506170853591479
399.58070385077116 0.5500569002644884
399.98719490250136 0.5494967152424237
400.39368595423156 0.5489365302931015
400.8001770059617 0.5483763454166708
401.2066680576919 0.5478161606132803
401.6131591094221 0.5472559758830794
402.01965016115224 0.5466957912262179
402.42614121288244 0.5461356066428463
402.83263226461264 0.545575422133115
403.23912331634284 0.5450152376971756
403.645614368073 0.5444550533351797
404.0521054198032 0.5438948690472796
404.4585964715334 0.5433346848336277
404.8650875232636 0.5427745006943774
405.2715785749937 0.5422143166296818
405.6780696267239 0.5416541326396955
406.0845606784541 0.541093948724573
406.49105173018427 0.5405337648844688
406.89754278191447 0.539973581119539
407.30403383364467 0.5394133974299394
407.71052488537487 0.5388532138158265
408.117015937105 0.5382930302773572
408.5235069888352 0.5377328468146888
408.9299980405654 0.5371726634279794
409.3364890922956 0.5366124801173877
409.74298014402575 0.5360522968830722
410.14947119575595 0.5354921137251928
410.55596224748615 0.534931930643909
410.96245329921635 0.5343717476393812
411.3689443509465 0.533811564711771
411.7754354026767 0.5332513818612391
412.1819264544069 0.5326911990879479
412.58841750613703 0.5321310163920597
412.99490855786723 0.5315708337737377
413.40139960959743 0.5310106512331452
413.80789066132763 0.5304504687704461
414.2143817130578 0.5298902863858053
414.620872764788 0.5293301040793873
415.0273638165182 0.5287699218513584
415.4338548682484 0.5282097397018839
415.8403459199785 0.5276495576311313
416.2468369717087 0.5270893756392673
416.6533280234389 0.5265291937264596
417.05981907516906 0.5259690118928765
417.46631012689926 0.5254088301386867
417.87280117862946 0.5248486484640595
418.27929223035966 0.5242884668691649
418.6857832820898 0.5237282853541733
419.09227433382 0.5231681039192555
419.4987653855502 0.5226079225645831
419.9052564372804 0.5220477412903282
420.31174748901054 0.5214875600966633
420.71823854074074 0.5209273789837615
421.12472959247094 0.5203671979517966
421.5312206442011 0.5198070170009429
421.9377116959313 0.5192468361313752
422.3442027476615 0.5186866553432692
422.7506937993917 0.5181264746368003
423.1571848511218 0.5175662940121455
423.563675902852 0.5170061134694817
423.9701669545822 0.5164459330089867
424.3766580063124 0.5158857526308388
424.78314905804257 0.5153255723352168
425.18964010977277 0.5147653921223001
425.59613116150297 0.5142052119922688
426.00262221323317 0.5136450319453034
426.4091132649633 0.5130848519815853
426.8156043166935 0.5125246721012963
427.2220953684237 0.5119644923046184
427.62858642015385 0.5114043125917349
428.03507747188405 0.5108441329628295
428.44156852361425 0.5102839534180862
428.84805957534445 0.5097237739576896
429.2545506270746 0.5091635945818258
429.6610416788048 0.5086034152906803
430.067532730535 0.5080432360844397
430.4740237822652 0.5074830569632913
430.88051483399533 0.5069228779274233
431.28700588572553 0.506362698977024
431.69349693745573 0.5058025201122825
432.0999879891859 0.5052423413333885
432.5064790409161 0.5046821626405325
432.9129700926463 0.5041219840339052
433.3194611443765 0.5035618055136988
433.7259521961066 0.5030016270801051
434.1324432478368 0.5024414487333175
434.538934299567 0.5018812704735292
434.9454253512972 0.5013210923009347
435.35191640302736 0.5007609142157285
435.75840745475756 0.5002007362181067
436.16489850648776 0.49964055830826515
436.57138955821796 0.49908038048640063
436.9778806099481 0.49852020275271064
437.3843716616783 0.4979600251073938
437.7908627134085 0.49739984755064837
438.19735376513864 0.4968396700826744
438.60384481686884 0.49627949270367183
439.01033586859904 0.4957193154138414
439.41682692032924 0.4951591382133849
439.8233179720594 0.49459896110250445
440.2298090237896 0.49403878408140317
440.6363000755198 0.4934786071502845
441.04279112725 0.49291843030935273
441.4492821789801 0.49235825355881285
441.8557732307103 0.49179807689887084
442.2622642824405 0.49123790032973286
442.66875533417067 0.4906777238516061
443.07524638590087 0.4901175474646984
443.48173743763107 0.4895573711692182
443.88822848936127 0.48899719496537486
444.2947195410914 0.4884370188533786
444.7012105928216 0.48787684283343974
445.1077016445518 0.4873166669057696
445.514192696282 0.4867564910705808
445.92068374801215 0.4861963153280859
446.32717479974235 0.48563613967849867
446.73366585147255 0.4850759641220332
447.14015690320275 0.4845157886589051
447.5466479549329 0.4839556132893297
447.9531390066631 0.4833954380135239
448.3596300583933 0.4828352628317049
448.76612111012344 0.482275087744091
449.17261216185364 0.48171491275090095
449.57910321358383 0.4811547378523543
449.98559426531403 0.48059456304867154
450.3920853170442 0.4800343883400737
450.7985763687744 0.47947421372678317
451.2050674205046 0.4789140392090223
451.6115584722348 0.4783538647870145
452.0180495239649 0.4777936904609843
452.4245405756951 0.47723351623115684
452.8310316274253 0.47667334209775775
453.23752267915546 0.47611316806101384
453.64401373088566 0.4755529941211525
454.05050478261586 0.4749928202784021
454.45699583434606 0.4744326465329916
454.8634868860762 0.47387247288515083
455.2699779378064 0.47331229933511093
455.6764689895366 0.4727521258831029
456.0829600412668 0.4721919525293594
456.48945109299694 0.4716317792741134
456.89594214472714 0.4710716061175991
457.30243319645734 0.47051143306005133
457.70892424818754 0.4699512601017055
458.1154152999177 0.46939108724279854
458.5219063516479 0.46883091448356756
458.9283974033781 0.46827074182425077
459.3348884551082 0.4677105692650874
459.7413795068384 0.46715039680631737
460.1478705585686 0.4665902244481812
460.5543616102988 0.4660300521909208
460.96085266202897 0.4654698800347788
461.36734371375917 0.4649097079799985
461.77383476548937 0.46434953602682405
462.18032581721957 0.4637893641755008
462.5868168689497 0.46322919242627475
462.9933079206799 0.46266902077939304
463.3997989724101 0.46210884923510326
463.80629002414025 0.4615486777936541
464.21278107587045 0.4609885064552957
464.61927212760065 0.4604283352202781
465.02576317933085 0.4598681640888531
465.432254231061 0.459307993061273
465.8387452827912 0.45874782213779125
466.2452363345214 0.45818765131866185
466.6517273862516 0.4576274806041403
467.05821843798174 0.4570673099944824
467.46470948971194 0.4565071394899457
467.87120054144214 0.45594696909078775
468.27769159317234 0.4553867987972676
468.6841826449025 0.45482662860964534
469.0906736966327 0.4542664585281818
469.4971647483629 0.4537062885531389
469.903655800093 0.45314611868477916
470.3101468518232 0.45258594892336657
470.7166379035534 0.45202577926916604
471.1231289552836 0.451465609722443
471.52962000701376 0.45090544028346446
471.93611105874396 0.4503452709524983
472.34260211047416 0.4497851017298129
472.74909316220436 0.44922493261567814
473.1555842139345 0.44866476361036484
473.5620752656647 0.44810459471414477
473.9685663173949 0.44754442592729066
474.37505736912505 0.44698425725007623
474.78154842085524 0.4464240886827765
475.18803947258544 0.44586392022566707
475.59453052431564 0.44530375187902527
476.0010215760458 0.4447435836431287
476.407512627776 0.44418341551825663
476.8140036795062 0.443623247504689
477.2204947312364 0.44306307960270697
477.6269857829665 0.4425029118125925
478.0334768346967 0.44194274413462925
478.4399678864269 0.44138257656910135
478.84645893815707 0.44082240911629417
479.25294998988727 0.44026224177649453
479.65944104161747 0.4397020745499896
480.06593209334767 0.43914190743706844
480.4724231450778 0.4385817404380207
480.878914196808 0.4380215735531372
481.2854052485382 0.4374614067827102
481.6918963002684 0.43690124012703274
482.09838735199855 0.4363410735863991
482.50487840372875 0.435780907161105
482.91136945545895 0.4352207408514465
483.31786050718915 0.43466057465772145
483.7243515589193 0.43410040858022897
484.1308426106495 0.43354024261926893
484.5373336623797 0.4329800767751424
484.94382471410984 0.43241991104815186
485.35031576584004 0.43185974543860084
485.75680681757024 0.4312995799467939
486.16329786930044 0.43073941457303694
486.5697889210306 0.43017924931763735
486.9762799727608 0.429619084180903
487.382771024491 0.4290589191631436
487.7892620762212 0.42849875426466977
488.1957531279513 0.42793858948579355
488.6022441796815 0.42737842482682814
489.0087352314117 0.4268182602880876
489.41522628314186 0.4262580958698878
489.82171733487206 0.42569793157254554
490.22820838660226 0.4251377673963789
490.63469943833246 0.42457760334170724
491.0411904900626 0.4240174394088511
491.4476815417928 0.42345727559813273
491.854172593523 0.42289711190987506
492.2606636452532 0.42233694834440255
492.66715469698335 0.4217767849020409
493.07364574871355 0.42121662158311735
493.48013680044374 0.4206564583879601
493.88662785217394 0.4200962953168989
494.2931189039041 0.41953613237026466
494.6996099556343 0.4189759695483898
495.1061010073645 0.41841580685160784
495.51259205909463 0.417855644280254
495.91908311082483 0.4172954818346644
496.32557416255503 0.4167353195151768
496.7320652142852 0.4161751573221302
497.13855626601537 0.41561499525586515
497.54504731774557 0.41505483331672327
497.95153836947577 0.4144946715050479
498.35802942120597 0.4139345098211836
498.7645204729361 0.4133743482654761
499.1710115246663 0.41281418683827314
499.5775025763965 0.4122540255399233
499.98399362812665 0.4116938643707769
500.39048467985685 0.4111337033311856
500.79697573158705 0.4105735424215022
501.20346678331725 0.41001338164208156
501.6099578350474 0.4094532209932793
502.0164488867776 0.4088930604754533
502.4229399385078 0.4083329000889624
502.829430990238 0.4077727398341666
503.23592204196814 0.40721257971142816
503.64241309369834 0.4066524197211104
504.04890414542854 0.4060922598635779
504.45539519715874 0.40553210013919727
504.8618862488889 0.40497194054833646
505.2683773006191 0.40441178109136494
505.6748683523493 0.40385162176865336
506.0813594040794 0.4032914625805744
506.4878504558096 0.40273130352750236
506.8943415075398 0.4021711446098123
507.30083255927 0.40161098582788196
507.70732361100016 0.4010508271820898
508.11381466273036 0.40049066867281624
508.52030571446056 0.3999305103004433
508.92679676619076 0.3993703520653543
509.3332878179209 0.3988101939679345
509.7397788696511 0.39825003600857095
510.1462699213813 0.3976898781876518
510.55276097311145 0.39712972050556733
510.95925202484165 0.39656956296270907
511.36574307657185 0.39600940555947023
511.77223412830205 0.3954492482962462
512.1787251800322 0.3948890911734336
512.5852162317624 0.39432893419143095
512.9917072834926 0.3937687773506381
513.3981983352228 0.39320862065145684
513.804689386953 0.392648464094291
514.2111804386832 0.3920883076795456
514.6176714904133 0.3915281514076278
515.0241625421435 0.3909679952789464
515.4306535938737 0.3904078392939116
515.8371446456039 0.38984768345293586
516.2436356973341 0.38928752775643327
516.6501267490643 0.38872737220481957
517.0566178007945 0.38816721679851257
517.4631088525246 0.3876070615379313
517.8695999042548 0.3870469064234976
518.276090955985 0.38648675145563405
518.6825820077152 0.3859265966347659
519.0890730594454 0.3853664419613196
519.4955641111756 0.3848062874357242
519.9020551629058 0.3842461330584098
520.308546214636 0.38368597882980915
520.715037266366 0.3831258247503565
521.1215283180962 0.3825656708204878
521.5280193698264 0.3820055170406414
521.9345104215566 0.38144536341125707
522.3410014732868 0.38088520993277697
522.747492525017 0.38032505660564514
523.1539835767472 0.3797649034303072
523.5604746284773 0.3792047504072113
523.9669656802075 0.37864459753680707
524.3734567319377 0.3780844448195464
524.7799477836679 0.37752429225588313
525.1864388353981 0.376964139846273
525.5929298871283 0.37640398759117427
525.9994209388585 0.37584383549104666
526.4059119905886 0.37528368354635216
526.8124030423188 0.37472353175755513
527.218894094049 0.3741633801251211
527.6253851457792 0.373603228649519
528.0318761975094 0.3730430773312187
528.4383672492396 0.37248292617069295
528.8448583009698 0.37192277516841626
529.2513493527 0.37136262432486533
529.6578404044301 0.3708024736405193
530.0643314561603 0.37024232311585903
530.4708225078905 0.3696821727513678
530.8773135596207 0.3691220225475312
531.2838046113509 0.36856187250483663
531.6902956630811 0.36800172262377423
532.0967867148113 0.3674415729048361
532.5032777665414 0.36688142334851653
532.9097688182716 0.36632127395531233
533.3162598700018 0.36576112472572225
533.722750921732 0.3652009756602475
534.1292419734622 0.36464082675939175
534.5357330251924 0.3640806780236606
534.9422240769226 0.36352052945356267
535.3487151286528 0.362960381049608
535.7552061803829 0.3624002328123099
536.161697232113 0.36184008474218343
536.5681882838433 0.36127993683974613
536.9746793355735 0.3607197891055183
537.3811703873037 0.36015964154002233
537.7876614390339 0.3595994941437832
538.194152490764 0.35903934691732836
538.6006435424941 0.3584791998611874
539.0071345942243 0.35791905297589316
539.4136256459545 0.3573589062619799
539.8201166976847 0.3567987597199853
540.2266077494149 0.35623861335044915
540.6330988011451 0.35567846715391377
541.0395898528753 0.35511832113092456
541.4460809046054 0.3545581752820288
541.8525719563356 0.3539980296077767
542.2590630080658 0.35343788410872107
542.665554059796 0.3528777387854172
543.0720451115262 0.35231759363842324
543.4785361632564 0.35175744866829994
543.8850272149866 0.3511973038756107
544.2915182667168 0.35063715926092154
544.6980093184469 0.3500770148248013
545.1045003701771 0.3495168705678217
545.5109914219073 0.34895672649055665
545.9174824736375 0.34839658259358347
546.3239735253677 0.3478364388774819
546.7304645770979 0.3472762953428346
547.1369556288281 0.34671615199022704
547.5434466805582 0.3461560088202476
547.9499377322884 0.3455958658334874
548.3564287840186 0.3450357230305403
548.7629198357488 0.3444755804120034
549.169410887479 0.3439154379784763
549.5759019392092 0.34335529573056195
549.9823929909394 0.34279515366886604
550.3888840426696 0.3422350117939973
550.7953750943997 0.3416748701065673
551.2018661461299 0.3411147286071909
551.6083571978601 0.3405545872964854
552.0148482495903 0.3399944461750721
552.4213393013205 0.3394343052435743
552.8278303530507 0.33887416450261937
553.2343214047809 0.338314023952837
553.640812456511 0.33775388359486047
554.0473035082412 0.33719374342932623
554.4537945599714 0.33663360345687354
554.8602856117016 0.33607346367814506
555.2667766634318 0.3355133240937867
555.673267715162 0.3349531847044477
556.0797587668922 0.3343930455107803
556.4862498186224 0.33383290651344016
556.8927408703524 0.3332727677130863
557.2992319220826 0.33271262911038113
557.7057229738128 0.33215249070598996
558.112214025543 0.3315923525005819
558.5187050772732 0.3310322144948294
558.9251961290034 0.33047207668940803
559.3316871807336 0.3299119390849974
559.7381782324637 0.32935180168227984
560.1446692841939 0.3287916644819419
560.5511603359241 0.3282315274846728
560.9576513876543 0.3276713906911662
561.3641424393845 0.3271112541021185
561.7706334911147 0.32655111771823014
562.1771245428449 0.32599098154020517
562.583615594575 0.32543084556875107
562.9901066463052 0.3248707098045793
563.3965976980354 0.32431057424840454
563.8030887497656 0.32375043890094546
564.2095798014958 0.3231903037629243
564.616070853226 0.32263016883506734
565.0225619049562 0.32207003411810436
565.4290529566864 0.3215098996127691
565.8355440084165 0.32094976531979913
566.2420350601467 0.3203896312399359
566.6485261118769 0.3198294973739246
567.0550171636071 0.3192693637225142
567.4615082153373 0.31870923028645815
567.8679992670675 0.31814909706651345
568.2744903187977 0.31758896406344117
568.6809813705278 0.3170288312780066
569.087472422258 0.31646869871097905
569.4939634739882 0.3159085663631313
569.9004545257184 0.31534843423524117
570.3069455774486 0.3147883023280899
570.7134366291788 0.31422817064246356
571.119927680909 0.31366803917915165
571.5264187326392 0.3131079079389486
571.9329097843693 0.3125477769226528
572.3394008360995 0.311987646131067
572.7458918878297 0.3114275155649981
573.1523829395599 0.31086738522525736
573.55887399129 0.31030725511266066
573.9653650430203 0.30974712522802816
574.3718560947505 0.30918699557218465
574.7783471464805 0.3086268661459591
575.1848381982107 0.30806673695018527
575.5913292499409 0.307506607985701
575.9978203016711 0.30694647925334945
576.4043113534013 0.3063863507539777
576.8108024051315 0.30582622248843794
577.2172934568617 0.3052660944575868
577.6237845085918 0.30470596666228567
578.030275560322 0.304145839103401
578.4367666120522 0.3035857117818033
578.8432576637824 0.30302558469836866
579.2497487155126 0.3024654578539775
579.6562397672428 0.30190533124951563
580.062730818973 0.30134520488587324
580.4692218707032 0.3007850787639457
580.8757129224333 0.30022495288463374
581.2822039741635 0.2996648272488428
581.6886950258937 0.29910470185748317
582.0951860776239 0.29854457671147056
582.5016771293541 0.297984451811726
582.9081681810843 0.29742432715917516
583.3146592328145 0.2968642027547496
583.7211502845446 0.29630407859938573
584.1276413362748 0.2957439546940255
584.534132388005 0.2951838310396157
584.9406234397352 0.29462370763710927
585.3471144914654 0.29406358448746395
585.7536055431956 0.2935034615916433
586.1600965949258 0.2929433389506165
586.566587646656 0.29238321656535793
586.9730786983861 0.2918230944368476
587.3795697501163 0.2912629725660719
587.7860608018465 0.2907028509540216
588.1925518535767 0.29014272960169424
588.5990429053069 0.2895826085100927
589.0055339570371 0.289022487680226
589.4120250087673 0.28846236711310863
589.8185160604974 0.2879022468097613
590.2250071122276 0.28734212677121057
590.6314981639578 0.2867820069984888
591.037989215688 0.2862218874926349
591.4444802674182 0.2856617682546932
591.8509713191484 0.2851016492857149
592.2574623708786 0.2845415305867568
592.6639534226088 0.2839814121588824
593.0704444743388 0.283421294003161
593.476935526069 0.28286117612066897
593.8834265777992 0.28230105851248816
594.2899176295294 0.2817409411797075
594.6964086812596 0.2811808241234221
595.1028997329898 0.2806207073447341
595.50939078472 0.2800605908447516
595.9158818364501 0.27950047462458977
596.3223728881803 0.2789403586853706
596.7288639399105 0.278380243028222
597.1353549916407 0.27782012765427966
597.5418460433709 0.2772600125646857
597.9483370951011 0.27669989776058934
598.3548281468313 0.2761397832431466
598.7613191985614 0.2755796690135205
599.1678102502916 0.2750195550728816
599.5743013020218 0.2744594414224069
599.980792353752 0.2738993280632811
600.3872834054822 0.27333921499669606
600.7937744572124 0.27277910222385104
601.2002655089426 0.2722189897459523
601.6067565606728 0.2716588775642143
602.0132476124029 0.27109876567985836
602.4197386641331 0.2705386540941135
602.8262297158633 0.26997854280821654
603.2327207675935 0.2694184318234119
603.6392118193237 0.26885832114095165
604.0457028710539 0.2682982107620959
604.4521939227841 0.26773810068811266
604.8586849745142 0.26717799092027766
605.2651760262444 0.2666178814598751
605.6716670779746 0.2660577723081965
606.0781581297048 0.2654976634665422
606.484649181435 0.26493755493622057
606.8911402331652 0.26437744671854835
607.2976312848954 0.26381733881485053
607.7041223366256 0.26325723122646066
608.1106133883557 0.2626971239547208
608.5171044400859 0.2621370170009815
608.9235954918161 0.2615769103666018
609.3300865435463 0.2610168040529498
609.7365775952765 0.26045669806140237
610.1430686470067 0.25989659239334506
610.5495596987369 0.25933648705017254
610.9560507504669 0.2587763820332886
611.3625418021971 0.2582162773441059
611.7690328539273 0.2576561729840464
612.1755239056575 0.25709606895454135
612.5820149573877 0.25653596525703143
612.9885060091179 0.2559758618929665
613.3949970608481 0.25541575886380635
613.8014881125783 0.2548556561710201
614.2079791643084 0.25429555381608643
614.6144702160386 0.2537354518004944
615.0209612677688 0.2531753501257419
615.427452319499 0.2526152487933378
615.8339433712292 0.25205514780480026
616.2404344229594 0.25149504716165816
616.6469254746896 0.2509349468654502
617.0534165264197 0.2503748469177255
617.4599075781499 0.2498147473200436
617.8663986298801 0.24925464807397435
618.2728896816103 0.24869454918109848
618.6793807333405 0.2481344506430072
619.0858717850707 0.24757435246130255
619.4923628368009 0.24701425463759755
619.898853888531 0.2464541571735159
620.3053449402612 0.24589406007069295
620.7118359919914 0.2453339633307743
621.1183270437216 0.24477386695541778
621.5248180954518 0.24421377094629199
621.931309147182 0.2436536753050772
622.3378001989122 0.24309358003346554
622.7442912506424 0.24253348513316023
623.1507823023725 0.2419733906058767
623.5572733541027 0.24141329645334256
623.9637644058329 0.2408532026772967
624.3702554575631 0.2402931092794908
624.7767465092933 0.23973301626168841
625.1832375610235 0.23917292362566572
625.5897286127537 0.23861283137321113
625.9962196644838 0.23805273950612588
626.402710716214 0.2374926480262239
626.8092017679442 0.2369325569353316
627.2156928196744 0.2363724662352888
627.6221838714046 0.23581237592794818
628.0286749231348 0.2352522860151756
628.435165974865 0.23469219649885045
628.8416570265952 0.23413210738086532
629.2481480783252 0.23357201866312652
629.6546391300554 0.23301193034755416
630.0611301817856 0.23245184243608188
630.4676212335158 0.2318917549306577
630.874112285246 0.2313316678332434
631.2806033369762 0.2307715811458153
631.6870943887064 0.23021149487036402
632.0935854404365 0.2296514090088946
632.5000764921667 0.22909132356342707
632.9065675438969 0.22853123853599563
633.3130585956271 0.2279711539286501
633.7195496473573 0.22741106974345518
634.1260406990875 0.22685098598249068
634.5325317508177 0.2262909026478521
634.9390228025478 0.22573081974165027
635.345513854278 0.22517073726601203
635.7520049060082 0.2246106552230794
636.1584959577384 0.22405057361501132
636.5649870094686 0.2234904924439823
636.9714780611988 0.2229304117121835
637.377969112929 0.2223703314218225
637.7844601646592 0.22181025157512357
638.1909512163893 0.2212501721743278
638.5974422681195 0.22069009322169347
639.0039333198497 0.22013001471949573
639.4104243715799 0.2195699366700273
639.8169154233101 0.2190098590755985
640.2234064750403 0.21844978193853734
640.6298975267705 0.2178897052611897
641.0363885785006 0.21732962904591954
641.4428796302308 0.2167695532951093
641.849370681961 0.2162094780111594
642.2558617336912 0.21564940319648931
642.6623527854214 0.21508932885353746
643.0688438371516 0.21452925498476094
643.4753348888818 0.2139691815926365
643.881825940612 0.21340910867966004
644.2883169923421 0.2128490362483471
644.6948080440723 0.21228896430123353
645.1012990958025 0.2117288928408745
645.5077901475327 0.21116882186984615
645.9142811992629 0.21060875139074467
646.3207722509931 0.2100486814061873
646.7272633027233 0.20948861191881193
647.1337543544533 0.20892854293127786
647.5402454061835 0.20836847444626583
647.9467364579137 0.20780840646647755
648.353227509644 0.20724833899463746
648.7597185613741 0.20668827203349152
649.1662096131043 0.20612820558580824
649.5727006648345 0.20556813965437865
649.9791917165647 0.20500807424201653
650.3856827682948 0.204448009351559
650.792173820025 0.20388794498586618
651.1986648717552 0.20332788114782177
651.6051559234854 0.20276781784033346
652.0116469752156 0.202207755066333
652.4181380269458 0.20164769282877654
652.824629078676 0.20108763113064476
653.2311201304061 0.20052756997494334
653.6376111821363 0.19996750936470326
654.0441022338665 0.19940744930298043
654.4505932855967 0.19884738979285727
654.8570843373269 0.19828733083744177
655.2635753890571 0.19772727243986832
655.6700664407873 0.19716721460329814
656.0765574925174 0.19660715733091916
656.4830485442476 0.19604710062594688
656.8895395959778 0.19548704449162377
657.296030647708 0.19492698893122073
657.7025216994382 0.19436693394803667
658.1090127511684 0.19380687954539913
658.5155038028986 0.19324682572666427
658.9219948546288 0.1926867724952176
659.3284859063589 0.1921267198544741
659.7349769580891 0.1915666678078789
660.1414680098193 0.19100661635890667
660.5479590615495 0.19044656551106331
660.9544501132797 0.18988651526788528
661.3609411650099 0.18932646563294064
661.7674322167401 0.1887664166098289
662.1739232684702 0.18820636820218162
662.5804143202004 0.18764632041366305
662.9869053719306 0.18708627324796973
663.3933964236608 0.18652622670883176
663.799887475391 0.18596618080001295
664.2063785271212 0.18540613552531085
664.6128695788514 0.18484609088855766
665.0193606305816 0.18428604689362027
665.4258516823116 0.1837260035444008
665.8323427340418 0.18316596084483738
666.238833785772 0.18260591879890364
666.6453248375022 0.18204587741061032
667.0518158892324 0.18148583668400511
667.4583069409626 0.18092579662317296
667.8647979926928 0.18036575723223697
668.2712890444229 0.17980571851535862
668.6777800961531 0.1792456804767383
669.0842711478833 0.1786856431206154
669.4907621996135 0.1781256064512698
669.8972532513437 0.17756557047302127
670.3037443030739 0.1770055351902308
670.7102353548041 0.1764455006073005
671.1167264065343 0.1758854667286746
671.5232174582644 0.17532543355883975
671.9297085099946 0.17476540110232566
672.3361995617248 0.1742053693637053
672.742690613455 0.17364533834759602
673.1491816651852 0.1730853080586598
673.5556727169154 0.17252527850160398
673.9621637686456 0.1719652496811816
674.3686548203757 0.17140522160219215
674.7751458721059 0.17084519426948241
675.1816369238361 0.17028516768794633
675.5881279755663 0.16972514186252666
675.9946190272965 0.16916511679821486
676.4011100790267 0.168605092500052
676.8076011307569 0.16804506897312946
677.214092182487 0.16748504622258942
677.6205832342172 0.16692502425362588
678.0270742859474 0.16636500307148466
678.4335653376776 0.16580498268146496
678.8400563894078 0.1652449630889197
679.246547441138 0.164684944299256
679.6530384928682 0.16412492631793635
680.0595295445984 0.1635649091504791
680.4660205963285 0.16300489280245933
680.8725116480587 0.16244487727950963
681.2790026997889 0.16188486258732046
681.6854937515191 0.16132484873164188
682.0919848032493 0.16076483571828362
682.4984758549795 0.1602048235531162
682.9049669067097 0.15964481224207155
683.3114579584397 0.1590848017911443
683.71794901017 0.15852479220639226
684.1244400619001 0.15796478349393728
684.5309311136303 0.1574047756599666
684.9374221653605 0.15684476871073344
685.3439132170907 0.15628476265255797
685.750404268821 0.15572475749182835
686.1568953205511 0.1551647532350017
686.5633863722812 0.15460474988860495
686.9698774240114 0.15404474745923624
687.3763684757416 0.15348474595356526
687.7828595274718 0.15292474537833506
688.189350579202 0.15236474574036263
688.5958416309322 0.1518047470465403
689.0023326826624 0.15124474930383655
689.4088237343925 0.15068475251929736
689.8153147861227 0.15012475670004732
690.2218058378529 0.14956476185329054
690.6282968895831 0.14900476798631224
691.0347879413133 0.14844477510647983
691.4412789930435 0.1478847832212441
691.8477700447737 0.14732479233814044
692.2542610965038 0.14676480246479023
692.660752148234 0.1462048136089023
693.0672431999642 0.14564482577827353
693.4737342516944 0.1450848389807913
693.8802253034246 0.14452485322443412
694.2867163551548 0.14396486851727333
694.693207406885 0.14340488486747444
695.0996984586152 0.14284490228329863
695.5061895103453 0.14228492077310428
695.9126805620755 0.1417249403453487
696.3191716138057 0.14116496100858883
696.7256626655359 0.14060498277148412
697.1321537172661 0.14004500564279732
697.5386447689963 0.13948502963139617
697.9451358207265 0.1389250547462555
698.3516268724566 0.13836508099645842
698.7581179241868 0.1378051083911986
699.164608975917 0.13724513693978158
699.5711000276472 0.13668516665162692
699.9775910793774 0.13612519753627003
700.3840821311076 0.1355652296033641
700.7905731828378 0.1350052628626817
701.197064234568 0.13444529732411736
701.603555286298 0.13388533299768904
702.0100463380282 0.13332536989354066
702.4165373897584 0.13276540802194353
702.8230284414886 0.13220544739329948
703.2295194932188 0.13164548801814233
703.636010544949 0.13108552990714029
704.0425015966792 0.13052557307109844
704.4489926484093 0.12996561752096086
704.8554837001395 0.12940566326781341
705.2619747518697 0.1288457103228853
705.6684658035999 0.12828575869755274
706.0749568553301 0.12772580840334075
706.4814479070603 0.12716585945192596
706.8879389587905 0.12660591185513936
707.2944300105207 0.1260459656249688
707.7009210622508 0.12548602077356216
708.107412113981 0.12492607731322998
708.5139031657112 0.12436613525644799
708.9203942174414 0.12380619461586095
709.3268852691716 0.12324625540428501
709.7333763209018 0.12268631763471109
710.139867372632 0.12212638132030808
710.5463584243621 0.12156644647442592
710.9528494760923 0.12100651311059947
711.3593405278225 0.12044658124255084
711.7658315795527 0.11988665088419408
712.1723226312829 0.11932672204963823
712.5788136830131 0.11876679475319088
712.9853047347433 0.11820686900936207
713.3917957864734 0.11764694483286814
713.7982868382036 0.11708702223863565
714.2047778899338 0.11652710124180508
714.611268941664 0.11596718185773554
715.0177599933942 0.1154072641020086
715.4242510451244 0.1148473479904327
715.8307420968546 0.11428743353904755
716.2372331485848 0.11372752076412863
716.6437242003149 0.11316760968219199
717.0502152520451 0.11260770030999889
717.4567063037753 0.11204779266456043
717.8631973555055 0.11148788676314311
718.2696884072357 0.11092798262327366
718.6761794589659 0.11036808026274407
719.0826705106961 0.10980817969961741
719.4891615624261 0.109248280952233
719.8956526141563 0.10868838403921247
720.3021436658865 0.10812848897946482
720.7086347176167 0.10756859579219337
721.115125769347 0.10700870449690118
721.5216168210771 0.10644881511339767
721.9281078728073 0.10588892766180483
722.3345989245375 0.10532904216256393
722.7410899762676 0.10476915863644244
723.1475810279978 0.10420927710454093
723.554072079728 0.1036493975882998
723.9605631314582 0.10308952010950742
724.3670541831884 0.10252964469030713
724.7735452349186 0.1019697713532052
725.1800362866488 0.10140990012107866
725.5865273383789 0.10085003101718373
725.9930183901091 0.10029016406516407
726.3995094418393 0.09973029928905902
726.8060004935695 0.09917043671331348
727.2124915452997 0.09861057636278632
727.6189825970299 0.09805071826275998
728.0254736487601 0.09749086243895004
728.4319647004902 0.09693100891751537
728.8384557522204 0.0963711577250684
729.2449468039506 0.0958113088886851
729.6514378556808 0.09525146243591663
730.057928907411 0.0946916183948001
730.4644199591412 0.09413177679387
730.8709110108714 0.09357193766217019
731.2774020626016 0.093012101029266
731.6838931143317 0.09245226692525688
732.0903841660619 0.0918924353807894
732.4968752177921 0.09133260642706999
732.9033662695223 0.09077278009587966
733.3098573212525 0.09021295641958747
733.7163483729827 0.08965313543116536
734.1228394247129 0.08909331716420317
734.529330476443 0.0885335016529242
734.9358215281732 0.08797368893220131
735.3423125799034 0.08741387903757294
735.7488036316336 0.0868540720052611
736.1552946833638 0.08629426787218829
736.561785735094 0.08573446667599581
736.9682767868242 0.08517466845506273
737.3747678385544 0.08461487324852507
737.7812588902844 0.084055081096296
738.1877499420146 0.0834952920390866
738.5942409937448 0.08293550611842662
739.000732045475 0.08237572337668767
739.4072230972052 0.08181594385710535
739.8137141489354 0.08125616760380308
740.2202052006656 0.0806963946618166
740.6266962523957 0.08013662507711934
741.0331873041259 0.07957685889664864
741.4396783558561 0.07901709616833238
741.8461694075863 0.0784573369411179
742.2526604593165 0.0778975812650006
742.6591515110467 0.07733782919105407
743.0656425627769 0.07677808077146148
743.4721336145071 0.07621833605954777
743.8786246662372 0.07565859510981339
744.2851157179674 0.07509885797796903
744.6916067696976 0.0745391247209713
745.0980978214278 0.07397939539706097
745.504588873158 0.07341967006580129
745.9110799248882 0.0728599487881184
746.3175709766184 0.07230023162634334
746.7240620283485 0.07174051864425542
747.1305530800787 0.0711808099071277
747.5370441318089 0.07062110548177333
747.9435351835391 0.07006140543659538
748.3500262352693 0.06950170984163682
748.7565172869995 0.06894201876863384
749.1630083387297 0.06838233229107057
749.5694993904598 0.06782265048423648
749.97599044219 0.06726297342528605
750.3824814939202 0.06670330119330037
750.7889725456504 0.06614363386935253
751.1954635973806 0.0655839715365747
751.6019546491108 0.06502431428022847
752.008445700841 0.06446466218777808
752.4149367525712 0.06390501534896709
752.8214278043013 0.0633453738558982
753.2279188560315 0.06278573780311676
753.6344099077617 0.06222610728769738
754.0409009594919 0.061666482409335664
754.4473920112221 0.06110686327044302
754.8538830629523 0.06054724997624614
755.2603741146825 0.05998764263489117
755.6668651664125 0.05942804135755279
756.0733562181427 0.058868446258548285
756.479847269873 0.05830885745545659
756.8863383216031 0.05774927506924446
757.2928293733333 0.0571896992243972
757.6993204250635 0.05663013004905654
758.1058114767937 0.0560705676751652
758.512302528524 0.05551101223861879
758.918793580254 0.05495146387942505
759.3252846319842 0.05439192274187178
759.7317756837144 0.053832388974702175
760.1382667354446 0.05327286273130129
760.5447577871748 0.0527133441698903
760.951248838905 0.05215383345373223
761.3577398906352 0.0515943307513483
761.7642309423653 0.051034836236746074
762.1707219940955 0.05047535008966044
762.5772130458257 0.049915872495806854
762.9837040975559 0.04935640364715063
763.3901951492861 0.048796943742189736
763.7966862010163 0.04823749298625477
764.2031772527465 0.04767805159182591
764.6096683044767 0.04711861977886878
765.0161593562068 0.046559197775189964
765.422650407937 0.045999785816814284
765.8291414596672 0.04544038414838405
766.2356325113974 0.044880993023584614
766.6421235631276 0.044321612705594704
767.0486146148578 0.04376224346756613
767.455105666588 0.04320288559313391
767.8615967183181 0.04264353937695945
768.2680877700483 0.04208420512530947
768.6745788217785 0.04152488315667274
769.0810698735087 0.040965573802419754
769.4875609252389 0.04040627740750605
769.8940519769691 0.03984699433122485
770.3005430286993 0.039287724948012526
770.7070340804294 0.03872846964831125
771.1135251321596 0.03816922883949421
771.5200161838898 0.0376100029468578
771.92650723562 0.03705079241468916
772.3329982873502 0.03649159770741272
772.7394893390804 0.035932419310825414
773.1459803908106 0.035373257733427844
773.5524714425408 0.034814113507860706
773.9589624942708 0.0342549871924566
774.365453546001 0.033695879372918645
774.7719445977312 0.033136790664137605
775.1784356494614 0.03257772171216401
775.5849267011916 0.03201867319634783
775.9914177529218 0.031459645831665904
776.397908804652 0.030900640371255988
776.8043998563821 0.030341657609180075
777.2108909081123 0.029782698383442573
777.6173819598425 0.029223763579290893
778.0238730115727 0.028664854132833484
778.4303640633029 0.028105971035008996
778.8368551150331 0.027547115335951118
779.2433461667633 0.026988288149796032
779.6498372184935 0.026429490659987946
780.0563282702236 0.02587072412514555
780.4628193219538 0.025311989885562523
780.869310373684 0.024753289370424893
781.2758014254142 0.024194624105845018
781.6822924771444 0.023635995723821655
782.0887835288746 0.023077405972260386
782.4952745806048 0.02251885672620705
782.9017656323349 0.02196035000047507
783.3082566840651 0.021401887963879474
783.7147477357953 0.02084347295532815
784.1212387875255 0.0202851075020716
784.5277298392557 0.01972679434046402
784.9342208909859 0.01916853643966508
785.3407119427161 0.018610337028795085
785.7472029944462 0.018052199628165434
786.1536940461764 0.017494128085340472
786.5601850979066 0.016936126616954903
786.9666761496368 0.01637819985742714
787.373167201367 0.01582035291597501
787.7796582530972 0.015262591443693544
788.1861493048274 0.014704921712900708
788.5926403565576 0.014147350711543766
788.9991314082877 0.013589886256229158
789.4056224600179 0.013032537128461872
789.8121135117481 0.012475313240051954
790.2186045634783 0.011918225835512131
790.6250956152085 0.011361287741824422
