time temp_rk
0.0 282.0
0.4064910517301843 282.016051765642
0.8129821034603686 282.03119177057204
1.2194731551905529 282.04547096785245
1.6259642069207372 282.0589375319855
2.0324552586509217 282.0716370041803
2.4389463103811058 282.0836124306376
2.84543736211129 282.09490449412493
3.2519284138414744 282.10555163910925
3.658419465571659 282.11559019071143
4.064910517301843 282.125054467742
4.471401569032027 282.1339768900705
4.8778926207622115 282.14238808057576
5.284383672492396 282.15031696191693
5.69087472422258 282.1577908483593
6.097365775952764 282.1648355328796
6.503856827682949 282.17147536977046
6.910347879413133 282.1777333529545
7.316838931143318 282.1836311902111
7.723329982873501 282.1891893735127
8.129821034603687 282.19442724565806
8.53631208633387 282.1993630633835
8.942803138064054 282.204014057126
9.34929418979424 282.20839648760443
9.755785241524423 282.2125256993772
10.162276293254607 282.2164161715298
10.568767344984792 282.22008156563726
10.975258396714976 282.2235347711407
11.38174944844516 282.22678794827027
11.788240500175345 282.22985256864166
12.194731551905528 282.23273945364656
12.601222603635714 282.23545881075194
13.007713655365897 282.2380202678177
13.414204707096081 282.24043290553703
13.820695758826266 282.24270528809797
14.22718681055645 282.2448454921611
14.633677862286635 282.24686113424275
15.040168914016819 282.24875939658784
15.446659965747003 282.250547051615
15.853151017477188 282.2522304850086
16.259642069207374 282.25381571753223
16.666133120937555 282.2553084256312
17.07262417266774 282.25671396089075
17.479115224397926 282.25803736841135
17.885606276128108 282.25928340416044
18.292097327858293 282.26045655135584
18.69858837958848 282.261561035934
19.10507943131866 282.2626008411536
19.511570483048846 282.2635797213811
19.91806153477903 282.26450121510373
20.324552586509213 282.26536865721215
20.7310436382394 282.2661851905934
21.137534689969584 282.2669537770716
21.544025741699766 282.26767720773336
21.95051679342995 282.2683581126708
22.357007845160137 282.2689989701758
22.76349889689032 282.2696021154147
23.169989948620504 282.2701697486134
23.57648100035069 282.2707039427792
23.982972052080875 282.27120665098613
24.389463103811057 282.27167971324707
24.795954155541242 282.27212486299703
25.202445207271428 282.27254373320784
25.60893625900161 282.2729378621564
26.015427310731795 282.2733086988648
26.42191836246198 282.2736576082311
26.828409414192162 282.2739858758684
27.234900465922347 282.2742947126682
27.641391517652533 282.2745852591038
28.047882569382715 282.27485858928816
28.4543736211129 282.2751157148004
28.860864672843086 282.27535758829373
29.26735572457327 282.27558510689715
29.673846776303453 282.2757991154229
30.080337828033638 282.27600040938995
30.486828879763824 282.276189737875
30.893319931494005 282.2763678061994
31.29981098322419 282.276535278463
31.706302034954376 282.2766927799316
32.11279308668456 282.27684089928835
32.51928413841475 282.276980190755
32.925775190144925 282.27711117609203
33.33226624187511 282.2772343464831
33.738757293605296 282.2773501643115
34.14524834533548 282.2774590648342
34.55173939706567 282.27756145775953
34.95823044879585 282.2776577287338
35.36472150052603 282.27774824074226
35.771212552256216 282.2778333354293
36.1777036039864 282.27791333434226
36.58419465571659 282.27798854010354
36.99068570744677 282.27805923751487
37.39717675917696 282.2781256945977
37.803667810907136 282.2781881635735
38.21015886263732 282.278246881787
38.61664991436751 282.2783020725766
39.02314096609769 282.2783539460934
39.42963201782788 282.27840270007346
39.83612306955806 282.278448520565
40.24261412128825 282.27849158261336
40.64910517301843 282.27853205090605
41.05559622474861 282.2785700803806
41.4620872764788 282.27860581679676
41.86857832820898 282.27863939727564
42.27506937993917 282.27867095080734
42.681560431669354 282.2787005987289
43.08805148339953 282.27872845517464
43.49454253512972 282.27875462750006
43.9010335868599 282.278779216681
44.30752463859009 282.27880231768967
44.714015690320274 282.2788240198484
45.12050674205046 282.27884440716315
45.52699779378064 282.278863558637
45.93348884551082 282.2788815485658
46.33997989724101 282.27889844681613
46.746470948971194 282.27891431908716
47.15296200070138 282.27892922715716
47.559453052431564 282.2789432291155
47.96594410416175 282.2789563795811
48.37243515589193 282.27896872990794
48.77892620762211 282.27898032837874
49.1854172593523 282.27899122038684
49.591908311082484 282.2790014486079
49.99839936281267 282.27901105316107
50.404890414542855 282.27902007176095
50.81138146627303 282.2790285398604
51.21787251800322 282.27903649078513
51.624363569733404 282.27904395586023
52.03085462146359 282.27905096452923
52.437345673193775 282.2790575444661
52.84383672492396 282.2790637216809
53.250327776654146 282.27906952061886
53.656818828384324 282.27907496425365
54.06330988011451 282.27908007417534
54.469800931844695 282.27908487067305
54.87629198357488 282.27908937281256
55.282783035305066 282.2790935985096
55.68927408703525 282.27909756459843
56.09576513876543 282.27910128689683
56.502256190495615 282.2791047802667
56.9087472422258 282.2791080586717
57.315238293955986 282.27911113523055
57.72172934568617 282.2791140222683
58.12822039741636 282.27911673136344
58.53471144914654 282.2791192733932
58.94120250087672 282.27912165857526
59.347693552606906 282.27912389650777
59.75418460433709 282.27912599620623
60.160675656067276 282.27912796613884
60.56716670779746 282.2791298142593
60.97365775952765 282.2791315480379
61.380148811257826 282.2791331744907
61.78663986298801 282.27913470020667
62.193130914718196 282.2791361313737
62.59962196644838 282.27913747380285
63.00611301817857 282.2791387329508
63.41260406990875 282.2791399139416
63.81909512163893 282.2791410215866
64.22558617336912 282.2791420604035
64.63207722509931 282.27914303463393
65.0385682768295 282.2791439482604
65.44505932855967 282.27914480502193
65.85155038028985 282.2791456084286
66.25804143202004 282.2791463617758
66.66453248375022 282.279147068157
67.0710235354804 282.27914773047604
67.47751458721059 282.2791483514588
67.88400563894078 282.2791489336639
68.29049669067096 282.27914947949296
68.69698774240115 282.2791499912
69.10347879413133 282.2791504709005
69.50996984586152 282.27915092058004
69.9164608975917 282.2791513421019
70.32295194932188 282.2791517372147
70.72944300105206 282.27915210755947
71.13593405278225 282.279152454676
71.54242510451243 282.2791527800092
71.94891615624262 282.2791530849148
72.3554072079728 282.2791533706649
72.76189825970299 282.2791536384531
73.16838931143317 282.27915388939914
73.57488036316336 282.27915412455354
73.98137141489354 282.2791543449018
74.38786246662373 282.27915455136866
74.79435351835392 282.2791547448213
75.2008445700841 282.2791549260734
75.60733562181427 282.2791550958879
76.01382667354446 282.2791552549808
76.42031772527464 282.2791554040234
76.82680877700483 282.27915554364535
77.23329982873501 282.2791556744372
77.6397908804652 282.27915579695286
78.04628193219538 282.2791559117117
78.45277298392557 282.2791560192008
78.85926403565576 282.27915611987686
79.26575508738594 282.27915621416815
79.67224613911613 282.27915630247634
80.07873719084631 282.2791563851779
80.4852282425765 282.27915646262585
80.89171929430667 282.2791565351512
81.29821034603685 282.2791566030642
81.70470139776704 282.27915666665587
82.11119244949722 282.27915672619883
82.51768350122741 282.2791567819488
82.9241745529576 282.2791568341454
83.33066560468778 282.27915688301323
83.73715665641797 282.2791569287628
84.14364770814815 282.27915697159153
84.55013875987834 282.27915701168433
84.95662981160852 282.2791570492145
85.36312086333871 282.27915708434455
85.7696119150689 282.2791571172267
86.17610296679906 282.27915714800355
86.58259401852925 282.27915717680884
86.98908507025943 282.2791572037678
87.39557612198962 282.27915722899786
87.8020671737198 282.2791572526089
88.20855822544999 282.279157274704
88.61504927718018 282.2791572953797
89.02154032891036 282.27915731472643
89.42803138064055 282.2791573328289
89.83452243237073 282.2791573497665
90.24101348410092 282.2791573656135
90.6475045358311 282.27915738043964
91.05399558756127 282.2791573943101
91.46048663929146 282.279157407286
91.86697769102165 282.2791574194245
92.27346874275183 282.27915743077926
92.67995979448202 282.27915744140046
93.0864508462122 282.2791574513351
93.49294189794239 282.2791574606272
93.89943294967257 282.2791574693179
94.30592400140276 282.2791574774459
94.71241505313294 282.2791574850473
95.11890610486313 282.2791574921559
95.52539715659331 282.27915749880344
95.9318882083235 282.27915750501955
96.33837926005367 282.279157510832
96.74487031178386 282.2791575162668
97.15136136351404 282.2791575213483
97.55785241524423 282.2791575260992
97.96434346697441 282.27915753054094
98.3708345187046 282.2791575346934
98.77732557043478 282.2791575385753
99.18381662216497 282.27915754220413
99.59030767389515 282.2791575455962
99.99679872562534 282.2791575487669
100.40328977735552 282.27915755173046
100.80978082908571 282.27915755450044
101.2162718808159 282.27915755708926
101.62276293254607 282.27915755950875
102.02925398427625 282.27915756176986
102.43574503600644 282.2791575638829
102.84223608773662 282.2791575658574
103.24872713946681 282.2791575677025
103.655218191197 282.2791575694265
104.06170924292718 282.27915757103733
104.46820029465736 282.2791575725424
104.87469134638755 282.2791575739485
105.28118239811774 282.27915757526216
105.68767344984792 282.27915757648935
106.0941645015781 282.2791575776358
106.50065555330829 282.27915757870664
106.90714660503846 282.279157579707
107.31363765676865 282.2791575806413
107.72012870849883 282.27915758151397
108.12661976022902 282.27915758232905
108.5331108119592 282.27915758309024
108.93960186368939 282.2791575838011
109.34609291541958 282.279157584465
109.75258396714976 282.27915758508493
110.15907501887995 282.2791575856638
110.56556607061013 282.27915758620435
110.97205712234032 282.27915758670906
111.3785481740705 282.2791575871803
111.78503922580069 282.2791575876202
112.19153027753086 282.27915758803096
112.59802132926104 282.27915758841436
113.00451238099123 282.2791575887723
113.41100343272142 282.27915758910643
113.8174944844516 282.27915758941833
114.22398553618179 282.2791575897094
114.63047658791197 282.27915758998114
115.03696763964216 282.2791575902347
115.44345869137234 282.2791575904714
115.84994974310253 282.27915759069225
116.25644079483271 282.27915759089836
116.6629318465629 282.2791575910907
117.06942289829308 282.2791575912702
117.47591395002325 282.27915759143764
117.88240500175344 282.2791575915939
118.28889605348363 282.27915759173965
118.69538710521381 282.2791575918757
119.101878156944 282.27915759200255
119.50836920867418 282.27915759212095
119.91486026040437 282.2791575922314
120.32135131213455 282.2791575923344
120.72784236386474 282.27915759243047
121.13433341559492 282.27915759252005
121.54082446732511 282.2791575926036
121.9473155190553 282.27915759268154
122.35380657078547 282.27915759275425
122.76029762251565 282.27915759282206
123.16678867424584 282.27915759288527
123.57327972597602 282.2791575929442
123.97977077770621 282.2791575929992
124.38626182943639 282.27915759305046
124.79275288116658 282.27915759309826
125.19924393289676 282.2791575931428
125.60573498462695 282.2791575931844
126.01222603635713 282.2791575932231
126.41871708808732 282.2791575932592
126.8252081398175 282.27915759329284
127.23169919154769 282.2791575933242
127.63819024327786 282.27915759335343
128.04468129500805 282.27915759338066
128.45117234673825 282.27915759340607
128.85766339846842 282.2791575934297
129.26415445019862 282.27915759345177
129.6706455019288 282.27915759347235
130.077136553659 282.2791575934915
130.48362760538916 282.27915759350935
130.89011865711933 282.27915759352595
131.29660970884953 282.27915759354147
131.7031007605797 282.2791575935559
132.1095918123099 282.2791575935693
132.51608286404007 282.27915759358183
132.92257391577027 282.2791575935935
133.32906496750044 282.27915759360434
133.73555601923064 282.27915759361446
134.1420470709608 282.2791575936239
134.548538122691 282.2791575936327
134.95502917442118 282.2791575936409
135.36152022615136 282.2791575936485
135.76801127788156 282.2791575936556
136.17450232961173 282.2791575936622
136.58099338134193 282.27915759366834
136.9874844330721 282.2791575936741
137.3939754848023 282.27915759367943
137.80046653653247 282.2791575936844
138.20695758826267 282.279157593689
138.61344863999284 282.2791575936933
139.01993969172304 282.27915759369733
139.4264307434532 282.2791575937011
139.8329217951834 282.27915759370455
140.23941284691358 282.2791575937078
140.64590389864375 282.2791575937108
141.05239495037395 282.2791575937136
141.45888600210412 282.2791575937162
141.86537705383432 282.27915759371865
142.2718681055645 282.2791575937209
142.6783591572947 282.279157593723
143.08485020902486 282.27915759372496
143.49134126075506 282.2791575937268
143.89783231248524 282.2791575937285
144.30432336421543 282.2791575937301
144.7108144159456 282.27915759373155
145.1173054676758 282.2791575937329
145.52379651940598 282.27915759373417
145.93028757113615 282.27915759373536
146.33677862286635 282.27915759373644
146.74326967459652 282.27915759373747
147.14976072632672 282.27915759373843
147.5562517780569 282.2791575937393
147.9627428297871 282.2791575937401
148.36923388151726 282.2791575937408
148.77572493324746 282.27915759374156
149.18221598497763 282.2791575937422
149.58870703670783 282.2791575937428
149.995198088438 282.2791575937434
150.4016891401682 282.2791575937439
150.80818019189837 282.2791575937444
151.21467124362854 282.27915759374486
151.62116229535874 282.2791575937453
152.02765334708891 282.2791575937457
152.43414439881911 282.27915759374605
152.84063545054929 282.2791575937464
153.24712650227949 282.27915759374673
153.65361755400966 282.279157593747
154.06010860573986 282.2791575937473
154.46659965747003 282.2791575937475
154.87309070920023 282.27915759374775
155.2795817609304 282.279157593748
155.6860728126606 282.2791575937482
156.09256386439077 282.2791575937484
156.49905491612094 282.27915759374855
156.90554596785114 282.2791575937487
157.3120370195813 282.2791575937489
157.7185280713115 282.27915759374906
158.12501912304168 282.2791575937492
158.53151017477188 282.2791575937493
158.93800122650205 282.2791575937494
159.34449227823225 282.2791575937495
159.75098332996242 282.27915759374963
160.15747438169262 282.2791575937497
160.5639654334228 282.27915759374974
160.970456485153 282.2791575937498
161.37694753688316 282.27915759374986
161.78343858861334 282.2791575937499
162.18992964034354 282.27915759374997
162.5964206920737 282.27915759375
163.0029117438039 282.2791575937501
163.40940279553408 282.27915759375014
163.81589384726428 282.2791575937502
164.22238489899445 282.27915759375026
164.62887595072465 282.2791575937503
165.03536700245482 282.27915759375037
165.44185805418502 282.2791575937504
165.8483491059152 282.2791575937505
166.2548401576454 282.27915759375054
166.66133120937556 282.2791575937506
167.06782226110573 282.2791575937506
167.47431331283593 282.2791575937506
167.8808043645661 282.2791575937506
168.2872954162963 282.2791575937506
168.69378646802647 282.2791575937506
169.10027751975667 282.2791575937506
169.50676857148684 282.2791575937506
169.91325962321704 282.2791575937506
170.31975067494722 282.2791575937506
170.72624172667742 282.2791575937506
171.1327327784076 282.2791575937506
171.5392238301378 282.2791575937506
171.94571488186796 282.2791575937506
172.35220593359813 282.2791575937506
172.75869698532833 282.2791575937506
173.1651880370585 282.2791575937506
173.5716790887887 282.2791575937506
173.97817014051887 282.2791575937506
174.38466119224907 282.2791575937506
174.79115224397924 282.2791575937506
175.19764329570944 282.2791575937506
175.6041343474396 282.2791575937506
176.0106253991698 282.2791575937506
176.41711645089998 282.2791575937506
176.82360750263018 282.2791575937506
177.23009855436035 282.2791575937506
177.63658960609052 282.2791575937506
178.04308065782072 282.2791575937506
178.4495717095509 282.2791575937506
178.8560627612811 282.2791575937506
179.26255381301127 282.2791575937506
179.66904486474147 282.2791575937506
180.07553591647164 282.2791575937506
180.48202696820184 282.2791575937506
180.888518019932 282.2791575937506
181.2950090716622 282.2791575937506
181.70150012339238 282.2791575937506
182.10799117512255 282.2791575937506
182.51448222685275 282.2791575937506
182.92097327858292 282.2791575937506
183.32746433031312 282.2791575937506
183.7339553820433 282.2791575937506
184.1404464337735 282.2791575937506
184.54693748550366 282.2791575937506
184.95342853723386 282.2791575937506
185.35991958896403 282.2791575937506
185.76641064069423 282.2791575937506
186.1729016924244 282.2791575937506
186.5793927441546 282.2791575937506
186.98588379588477 282.2791575937506
187.39237484761495 282.2791575937506
187.79886589934515 282.2791575937506
188.20535695107532 282.2791575937506
188.61184800280552 282.2791575937506
189.0183390545357 282.2791575937506
189.4248301062659 282.2791575937506
189.83132115799606 282.2791575937506
190.23781220972626 282.2791575937506
190.64430326145643 282.2791575937506
191.05079431318663 282.2791575937506
191.4572853649168 282.2791575937506
191.863776416647 282.2791575937506
192.27026746837717 282.2791575937506
192.67675852010734 282.2791575937506
193.08324957183754 282.2791575937506
193.4897406235677 282.2791575937506
193.8962316752979 282.2791575937506
194.30272272702808 282.2791575937506
194.70921377875828 282.2791575937506
195.11570483048845 282.2791575937506
195.52219588221865 282.2791575937506
195.92868693394882 282.2791575937506
196.33517798567902 282.2791575937506
196.7416690374092 282.2791575937506
197.1481600891394 282.2791575937506
197.55465114086957 282.2791575937506
197.96114219259974 282.2791575937506
198.36763324432994 282.2791575937506
198.7741242960601 282.2791575937506
199.1806153477903 282.2791575937506
199.58710639952048 282.2791575937506
199.99359745125068 282.2791575937506
200.40008850298085 282.2791575937506
200.80657955471105 282.2791575937506
201.21307060644122 282.2791575937506
201.61956165817142 282.2791575937506
202.0260527099016 282.2791575937506
202.4325437616318 282.2791575937506
202.83903481336196 282.2791575937506
203.24552586509213 282.2791575937506
203.65201691682233 282.2791575937506
204.0585079685525 282.2791575937506
204.4649990202827 282.2791575937506
204.87149007201288 282.2791575937506
205.27798112374307 282.2791575937506
205.68447217547325 282.2791575937506
206.09096322720345 282.2791575937506
206.49745427893362 282.2791575937506
206.90394533066382 282.2791575937506
207.310436382394 282.2791575937506
207.7169274341242 282.2791575937506
208.12341848585436 282.2791575937506
208.52990953758453 282.2791575937506
208.93640058931473 282.2791575937506
209.3428916410449 282.2791575937506
209.7493826927751 282.2791575937506
210.15587374450527 282.2791575937506
210.56236479623547 282.2791575937506
210.96885584796564 282.2791575937506
211.37534689969584 282.2791575937506
211.781837951426 282.2791575937506
212.1883290031562 282.2791575937506
212.59482005488638 282.2791575937506
213.00131110661658 282.2791575937506
213.40780215834675 282.2791575937506
213.81429321007693 282.2791575937506
214.22078426180713 282.2791575937506
214.6272753135373 282.2791575937506
215.0337663652675 282.2791575937506
215.44025741699767 282.2791575937506
215.84674846872787 282.2791575937506
216.25323952045804 282.2791575937506
216.65973057218824 282.2791575937506
217.0662216239184 282.2791575937506
217.4727126756486 282.2791575937506
217.87920372737878 282.2791575937506
218.28569477910898 282.2791575937506
218.69218583083915 282.2791575937506
219.09867688256932 282.2791575937506
219.50516793429952 282.2791575937506
219.9116589860297 282.2791575937506
220.3181500377599 282.2791575937506
220.72464108949006 282.2791575937506
221.13113214122026 282.2791575937506
221.53762319295043 282.2791575937506
221.94411424468063 282.2791575937506
222.3506052964108 282.2791575937506
222.757096348141 282.2791575937506
223.16358739987118 282.2791575937506
223.57007845160138 282.2791575937506
223.97656950333155 282.2791575937506
224.38306055506172 282.2791575937506
224.78955160679192 282.2791575937506
225.1960426585221 282.2791575937506
225.6025337102523 282.2791575937506
226.00902476198246 282.2791575937506
226.41551581371266 282.2791575937506
226.82200686544283 282.2791575937506
227.22849791717303 282.2791575937506
227.6349889689032 282.2791575937506
228.0414800206334 282.2791575937506
228.44797107236357 282.2791575937506
228.85446212409377 282.2791575937506
229.26095317582394 282.2791575937506
229.6674442275541 282.2791575937506
230.0739352792843 282.2791575937506
230.48042633101448 282.2791575937506
230.88691738274468 282.2791575937506
231.29340843447486 282.2791575937506
231.69989948620506 282.2791575937506
232.10639053793523 282.2791575937506
232.51288158966543 282.2791575937506
232.9193726413956 282.2791575937506
233.3258636931258 282.2791575937506
233.73235474485597 282.2791575937506
234.13884579658617 282.2791575937506
234.54533684831634 282.2791575937506
234.9518279000465 282.2791575937506
235.3583189517767 282.2791575937506
235.76481000350688 282.2791575937506
236.17130105523708 282.2791575937506
236.57779210696725 282.2791575937506
236.98428315869745 282.2791575937506
237.39077421042762 282.2791575937506
237.79726526215782 282.2791575937506
238.203756313888 282.2791575937506
238.6102473656182 282.2791575937506
239.01673841734836 282.2791575937506
239.42322946907854 282.2791575937506
239.82972052080873 282.2791575937506
240.2362115725389 282.2791575937506
240.6427026242691 282.2791575937506
241.04919367599928 282.2791575937506
241.45568472772948 282.2791575937506
241.86217577945965 282.2791575937506
242.26866683118985 282.2791575937506
242.67515788292002 282.2791575937506
243.08164893465022 282.2791575937506
243.4881399863804 282.2791575937506
243.8946310381106 282.2791575937506
244.30112208984076 282.2791575937506
244.70761314157093 282.2791575937506
245.11410419330113 282.2791575937506
245.5205952450313 282.2791575937506
245.9270862967615 282.2791575937506
246.33357734849167 282.2791575937506
246.74006840022187 282.2791575937506
247.14655945195204 282.2791575937506
247.55305050368224 282.2791575937506
247.95954155541241 282.2791575937506
248.3660326071426 282.2791575937506
248.77252365887279 282.2791575937506
249.17901471060298 282.2791575937506
249.58550576233316 282.2791575937506
249.99199681406333 282.2791575937506
250.39848786579353 282.2791575937506
250.8049789175237 282.2791575937506
251.2114699692539 282.2791575937506
251.61796102098407 282.2791575937506
252.02445207271427 282.2791575937506
252.43094312444444 282.2791575937506
252.83743417617464 282.2791575937506
253.2439252279048 282.2791575937506
253.650416279635 282.2791575937506
254.05690733136518 282.2791575937506
254.46339838309538 282.2791575937506
254.86988943482555 282.2791575937506
255.27638048655572 282.2791575937506
255.68287153828592 282.2791575937506
256.0893625900161 282.2791575937506
256.4958536417463 282.2791575937506
256.9023446934765 282.2791575937506
257.30883574520664 282.2791575937506
257.71532679693684 282.2791575937506
258.12181784866704 282.2791575937506
258.52830890039723 282.2791575937506
258.9347999521274 282.2791575937506
259.3412910038576 282.2791575937506
259.7477820555878 282.2791575937506
260.154273107318 282.2791575937506
260.5607641590481 282.2791575937506
260.9672552107783 282.2791575937506
261.3737462625085 282.2791575937506
261.78023731423866 282.2791575937506
262.18672836596886 282.2791575937506
262.59321941769906 282.2791575937506
262.99971046942926 282.2791575937506
263.4062015211594 282.2791575937506
263.8126925728896 282.2791575937506
264.2191836246198 282.2791575937506
264.62567467635 282.2791575937506
265.03216572808014 282.2791575937506
265.43865677981034 282.2791575937506
265.84514783154054 282.2791575937506
266.2516388832707 282.2791575937506
266.6581299350009 282.2791575937506
267.0646209867311 282.2791575937506
267.4711120384613 282.2791575937506
267.8776030901914 282.2791575937506
268.2840941419216 282.2791575937506
268.6905851936518 282.2791575937506
269.097076245382 282.2791575937506
269.50356729711217 282.2791575937506
269.91005834884237 282.2791575937506
270.31654940057257 282.2791575937506
270.7230404523027 282.2791575937506
271.1295315040329 282.2791575937506
271.5360225557631 282.2791575937506
271.9425136074933 282.2791575937506
272.34900465922345 282.2791575937506
272.75549571095365 282.2791575937506
273.16198676268385 282.2791575937506
273.56847781441405 282.2791575937506
273.9749688661442 282.2791575937506
274.3814599178744 282.2791575937506
274.7879509696046 282.2791575937506
275.1944420213348 282.2791575937506
275.60093307306494 282.2791575937506
276.00742412479514 282.2791575937506
276.41391517652534 282.2791575937506
276.8204062282555 282.2791575937506
277.2268972799857 282.2791575937506
277.6333883317159 282.2791575937506
278.0398793834461 282.2791575937506
278.4463704351762 282.2791575937506
278.8528614869064 282.2791575937506
279.2593525386366 282.2791575937506
279.6658435903668 282.2791575937506
280.07233464209696 282.2791575937506
280.47882569382716 282.2791575937506
280.88531674555736 282.2791575937506
281.2918077972875 282.2791575937506
281.6982988490177 282.2791575937506
282.1047899007479 282.2791575937506
282.5112809524781 282.2791575937506
282.91777200420825 282.2791575937506
283.32426305593845 282.2791575937506
283.73075410766864 282.2791575937506
284.13724515939884 282.2791575937506
284.543736211129 282.2791575937506
284.9502272628592 282.2791575937506
285.3567183145894 282.2791575937506
285.7632093663196 282.2791575937506
286.16970041804973 282.2791575937506
286.5761914697799 282.2791575937506
286.9826825215101 282.2791575937506
287.38917357324027 282.2791575937506
287.79566462497047 282.2791575937506
288.20215567670067 282.2791575937506
288.60864672843087 282.2791575937506
289.015137780161 282.2791575937506
289.4216288318912 282.2791575937506
289.8281198836214 282.2791575937506
290.2346109353516 282.2791575937506
290.64110198708175 282.2791575937506
291.04759303881195 282.2791575937506
291.45408409054215 282.2791575937506
291.8605751422723 282.2791575937506
292.2670661940025 282.2791575937506
292.6735572457327 282.2791575937506
293.0800482974629 282.2791575937506
293.48653934919304 282.2791575937506
293.89303040092324 282.2791575937506
294.29952145265344 282.2791575937506
294.70601250438364 282.2791575937506
295.1125035561138 282.2791575937506
295.518994607844 282.2791575937506
295.9254856595742 282.2791575937506
296.3319767113044 282.2791575937506
296.7384677630345 282.2791575937506
297.1449588147647 282.2791575937506
297.5514498664949 282.2791575937506
297.95794091822506 282.2791575937506
298.36443196995526 282.2791575937506
298.77092302168546 282.2791575937506
299.17741407341566 282.2791575937506
299.5839051251458 282.2791575937506
299.990396176876 282.2791575937506
300.3968872286062 282.2791575937506
300.8033782803364 282.2791575937506
301.20986933206655 282.2791575937506
301.61636038379675 282.2791575937506
302.02285143552695 282.2791575937506
302.4293424872571 282.2791575937506
302.8358335389873 282.2791575937506
303.2423245907175 282.2791575937506
303.6488156424477 282.2791575937506
304.05530669417783 282.2791575937506
304.46179774590803 282.2791575937506
304.86828879763823 282.2791575937506
305.27477984936843 282.2791575937506
305.68127090109857 282.2791575937506
306.08776195282877 282.2791575937506
306.49425300455897 282.2791575937506
306.90074405628917 282.2791575937506
307.3072351080193 282.2791575937506
307.7137261597495 282.2791575937506
308.1202172114797 282.2791575937506
308.52670826320985 282.2791575937506
308.93319931494005 282.2791575937506
309.33969036667025 282.2791575937506
309.74618141840045 282.2791575937506
310.1526724701306 282.2791575937506
310.5591635218608 282.2791575937506
310.965654573591 282.2791575937506
311.3721456253212 282.2791575937506
311.77863667705134 282.2791575937506
312.18512772878154 282.2791575937506
312.59161878051174 282.2791575937506
312.9981098322419 282.2791575937506
313.4046008839721 282.2791575937506
313.8110919357023 282.2791575937506
314.2175829874325 282.2791575937506
314.6240740391626 282.2791575937506
315.0305650908928 282.2791575937506
315.437056142623 282.2791575937506
315.8435471943532 282.2791575937506
316.25003824608336 282.2791575937506
316.65652929781356 282.2791575937506
317.06302034954376 282.2791575937506
317.4695114012739 282.2791575937506
317.8760024530041 282.2791575937506
318.2824935047343 282.2791575937506
318.6889845564645 282.2791575937506
319.09547560819465 282.2791575937506
319.50196665992485 282.2791575937506
319.90845771165505 282.2791575937506
320.31494876338525 282.2791575937506
320.7214398151154 282.2791575937506
321.1279308668456 282.2791575937506
321.5344219185758 282.2791575937506
321.940912970306 282.2791575937506
322.34740402203613 282.2791575937506
322.75389507376633 282.2791575937506
323.16038612549653 282.2791575937506
323.5668771772267 282.2791575937506
323.9733682289569 282.2791575937506
324.37985928068707 282.2791575937506
324.78635033241727 282.2791575937506
325.1928413841474 282.2791575937506
325.5993324358776 282.2791575937506
326.0058234876078 282.2791575937506
326.412314539338 282.2791575937506
326.81880559106816 282.2791575937506
327.22529664279836 282.2791575937506
327.63178769452855 282.2791575937506
328.0382787462587 282.2791575937506
328.4447697979889 282.2791575937506
328.8512608497191 282.2791575937506
329.2577519014493 282.2791575937506
329.66424295317944 282.2791575937506
330.07073400490964 282.2791575937506
330.47722505663984 282.2791575937506
330.88371610837004 282.2791575937506
331.2902071601002 282.2791575937506
331.6966982118304 282.2791575937506
332.1031892635606 282.2791575937506
332.5096803152908 282.2791575937506
332.9161713670209 282.2791575937506
333.3226624187511 282.2791575937506
333.7291534704813 282.2791575937506
334.13564452221146 282.2791575937506
334.54213557394166 282.2791575937506
334.94862662567186 282.2791575937506
335.35511767740206 282.2791575937506
335.7616087291322 282.2791575937506
336.1680997808624 282.2791575937506
336.5745908325926 282.2791575937506
336.9810818843228 282.2791575937506
337.38757293605295 282.2791575937506
337.79406398778315 282.2791575937506
338.20055503951335 282.2791575937506
338.6070460912435 282.2791575937506
339.0135371429737 282.2791575937506
339.4200281947039 282.2791575937506
339.8265192464341 282.2791575937506
340.23301029816423 282.2791575937506
340.63950134989443 282.2791575937506
341.04599240162463 282.2791575937506
341.45248345335483 282.2791575937506
341.858974505085 282.2791575937506
342.2654655568152 282.2791575937506
342.6719566085454 282.2791575937506
343.0784476602756 282.2791575937506
343.4849387120057 282.2791575937506
343.8914297637359 282.2791575937506
344.2979208154661 282.2791575937506
344.70441186719626 282.2791575937506
345.11090291892646 282.2791575937506
345.51739397065666 282.2791575937506
345.92388502238686 282.2791575937506
346.330376074117 282.2791575937506
346.7368671258472 282.2791575937506
347.1433581775774 282.2791575937506
347.5498492293076 282.2791575937506
347.95634028103774 282.2791575937506
348.36283133276794 282.2791575937506
348.76932238449814 282.2791575937506
349.1758134362283 282.2791575937506
349.5823044879585 282.2791575937506
349.9887955396887 282.2791575937506
350.3952865914189 282.2791575937506
350.801777643149 282.2791575937506
351.2082686948792 282.2791575937506
351.6147597466094 282.2791575937506
352.0212507983396 282.2791575937506
352.42774185006976 282.2791575937506
352.83423290179996 282.2791575937506
353.24072395353016 282.2791575937506
353.64721500526036 282.2791575937506
354.0537060569905 282.2791575937506
354.4601971087207 282.2791575937506
354.8666881604509 282.2791575937506
355.27317921218105 282.2791575937506
355.67967026391125 282.2791575937506
356.08616131564145 282.2791575937506
356.49265236737165 282.2791575937506
356.8991434191018 282.2791575937506
357.305634470832 282.2791575937506
357.7121255225622 282.2791575937506
358.1186165742924 282.2791575937506
358.52510762602253 282.2791575937506
358.93159867775273 282.2791575937506
359.33808972948293 282.2791575937506
359.7445807812131 282.2791575937506
360.1510718329433 282.2791575937506
360.5575628846735 282.2791575937506
360.9640539364037 282.2791575937506
361.3705449881338 282.2791575937506
361.777036039864 282.2791575937506
362.1835270915942 282.2791575937506
362.5900181433244 282.2791575937506
362.99650919505456 282.2791575937506
363.40300024678476 282.2791575937506
363.80949129851496 282.2791575937506
364.2159823502451 282.2791575937506
364.6224734019753 282.2791575937506
365.0289644537055 282.2791575937506
365.4354555054357 282.2791575937506
365.84194655716584 282.2791575937506
366.24843760889604 282.2791575937506
366.65492866062624 282.2791575937506
367.06141971235644 282.2791575937506
367.4679107640866 282.2791575937506
367.8744018158168 282.2791575937506
368.280892867547 282.2791575937506
368.6873839192772 282.2791575937506
369.0938749710073 282.2791575937506
369.5003660227375 282.2791575937506
369.9068570744677 282.2791575937506
370.31334812619787 282.2791575937506
370.71983917792807 282.2791575937506
371.12633022965827 282.2791575937506
371.53282128138846 282.2791575937506
371.9393123331186 282.2791575937506
372.3458033848488 282.2791575937506
372.752294436579 282.2791575937506
373.1587854883092 282.2791575937506
373.56527654003935 282.2791575937506
373.97176759176955 282.2791575937506
374.37825864349975 282.2791575937506
374.7847496952299 282.2791575937506
375.1912407469601 282.2791575937506
375.5977317986903 282.2791575937506
376.0042228504205 282.2791575937506
376.41071390215063 282.2791575937506
376.81720495388083 282.2791575937506
377.22369600561103 282.2791575937506
377.63018705734123 282.2791575937506
378.0366781090714 282.2791575937506
378.4431691608016 282.2791575937506
378.8496602125318 282.2791575937506
379.256151264262 282.2791575937506
379.6626423159921 282.2791575937506
380.0691333677223 282.2791575937506
380.4756244194525 282.2791575937506
380.88211547118266 282.2791575937506
381.28860652291286 282.2791575937506
381.69509757464306 282.2791575937506
382.10158862637326 282.2791575937506
382.5080796781034 282.2791575937506
382.9145707298336 282.2791575937506
383.3210617815638 282.2791575937506
383.727552833294 282.2791575937506
384.13404388502414 282.2791575937506
384.54053493675434 282.2791575937506
384.94702598848454 282.2791575937506
385.3535170402147 282.2791575937506
385.7600080919449 282.2791575937506
386.1664991436751 282.2791575937506
386.5729901954053 282.2791575937506
386.9794812471354 282.2791575937506
387.3859722988656 282.2791575937506
387.7924633505958 282.2791575937506
388.198954402326 282.2791575937506
388.60544545405617 282.2791575937506
389.01193650578637 282.2791575937506
389.41842755751657 282.2791575937506
389.82491860924677 282.2791575937506
390.2314096609769 282.2791575937506
390.6379007127071 282.2791575937506
391.0443917644373 282.2791575937506
391.45088281616745 282.2791575937506
391.85737386789765 282.2791575937506
392.26386491962785 282.2791575937506
392.67035597135805 282.2791575937506
393.0768470230882 282.2791575937506
393.4833380748184 282.2791575937506
393.8898291265486 282.2791575937506
394.2963201782788 282.2791575937506
394.70281123000893 282.2791575937506
395.10930228173913 282.2791575937506
395.51579333346933 282.2791575937506
395.9222843851995 282.2791575937506
396.3287754369297 282.2791575937506
396.7352664886599 282.2791575937506
397.1417575403901 282.2791575937506
397.5482485921202 282.2791575937506
397.9547396438504 282.2791575937506
398.3612306955806 282.2791575937506
398.7677217473108 282.2791575937506
399.17421279904096 282.2791575937506
399.58070385077116 282.2791575937506
399.98719490250136 282.2791575937506
400.39368595423156 282.2791575937506
400.8001770059617 282.2791575937506
401.2066680576919 282.2791575937506
401.6131591094221 282.2791575937506
402.01965016115224 282.2791575937506
402.42614121288244 282.2791575937506
402.83263226461264 282.2791575937506
403.23912331634284 282.2791575937506
403.645614368073 282.2791575937506
404.0521054198032 282.2791575937506
404.4585964715334 282.2791575937506
404.8650875232636 282.2791575937506
405.2715785749937 282.2791575937506
405.6780696267239 282.2791575937506
406.0845606784541 282.2791575937506
406.49105173018427 282.2791575937506
406.89754278191447 282.2791575937506
407.30403383364467 282.2791575937506
407.71052488537487 282.2791575937506
408.117015937105 282.2791575937506
408.5235069888352 282.2791575937506
408.9299980405654 282.2791575937506
409.3364890922956 282.2791575937506
409.74298014402575 282.2791575937506
410.14947119575595 282.2791575937506
410.55596224748615 282.2791575937506
410.96245329921635 282.2791575937506
411.3689443509465 282.2791575937506
411.7754354026767 282.2791575937506
412.1819264544069 282.2791575937506
412.58841750613703 282.2791575937506
412.99490855786723 282.2791575937506
413.40139960959743 282.2791575937506
413.80789066132763 282.2791575937506
414.2143817130578 282.2791575937506
414.620872764788 282.2791575937506
415.0273638165182 282.2791575937506
415.4338548682484 282.2791575937506
415.8403459199785 282.2791575937506
416.2468369717087 282.2791575937506
416.6533280234389 282.2791575937506
417.05981907516906 282.2791575937506
417.46631012689926 282.2791575937506
417.87280117862946 282.2791575937506
418.27929223035966 282.2791575937506
418.6857832820898 282.2791575937506
419.09227433382 282.2791575937506
419.4987653855502 282.2791575937506
419.9052564372804 282.2791575937506
420.31174748901054 282.2791575937506
420.71823854074074 282.2791575937506
421.12472959247094 282.2791575937506
421.5312206442011 282.2791575937506
421.9377116959313 282.2791575937506
422.3442027476615 282.2791575937506
422.7506937993917 282.2791575937506
423.1571848511218 282.2791575937506
423.563675902852 282.2791575937506
423.9701669545822 282.2791575937506
424.3766580063124 282.2791575937506
424.78314905804257 282.2791575937506
425.18964010977277 282.2791575937506
425.59613116150297 282.2791575937506
426.00262221323317 282.2791575937506
426.4091132649633 282.2791575937506
426.8156043166935 282.2791575937506
427.2220953684237 282.2791575937506
427.62858642015385 282.2791575937506
428.03507747188405 282.2791575937506
428.44156852361425 282.2791575937506
428.84805957534445 282.2791575937506
429.2545506270746 282.2791575937506
429.6610416788048 282.2791575937506
430.067532730535 282.2791575937506
430.4740237822652 282.2791575937506
430.88051483399533 282.2791575937506
431.28700588572553 282.2791575937506
431.69349693745573 282.2791575937506
432.0999879891859 282.2791575937506
432.5064790409161 282.2791575937506
432.9129700926463 282.2791575937506
433.3194611443765 282.2791575937506
433.7259521961066 282.2791575937506
434.1324432478368 282.2791575937506
434.538934299567 282.2791575937506
434.9454253512972 282.2791575937506
435.35191640302736 282.2791575937506
435.75840745475756 282.2791575937506
436.16489850648776 282.2791575937506
436.57138955821796 282.2791575937506
436.9778806099481 282.2791575937506
437.3843716616783 282.2791575937506
437.7908627134085 282.2791575937506
438.19735376513864 282.2791575937506
438.60384481686884 282.2791575937506
439.01033586859904 282.2791575937506
439.41682692032924 282.2791575937506
439.8233179720594 282.2791575937506
440.2298090237896 282.2791575937506
440.6363000755198 282.2791575937506
441.04279112725 282.2791575937506
441.4492821789801 282.2791575937506
441.8557732307103 282.2791575937506
442.2622642824405 282.2791575937506
442.66875533417067 282.2791575937506
443.07524638590087 282.2791575937506
443.48173743763107 282.2791575937506
443.88822848936127 282.2791575937506
444.2947195410914 282.2791575937506
444.7012105928216 282.2791575937506
445.1077016445518 282.2791575937506
445.514192696282 282.2791575937506
445.92068374801215 282.2791575937506
446.32717479974235 282.2791575937506
446.73366585147255 282.2791575937506
447.14015690320275 282.2791575937506
447.5466479549329 282.2791575937506
447.9531390066631 282.2791575937506
448.3596300583933 282.2791575937506
448.76612111012344 282.2791575937506
449.17261216185364 282.2791575937506
449.57910321358383 282.2791575937506
449.98559426531403 282.2791575937506
450.3920853170442 282.2791575937506
450.7985763687744 282.2791575937506
451.2050674205046 282.2791575937506
451.6115584722348 282.2791575937506
452.0180495239649 282.2791575937506
452.4245405756951 282.2791575937506
452.8310316274253 282.2791575937506
453.23752267915546 282.2791575937506
453.64401373088566 282.2791575937506
454.05050478261586 282.2791575937506
454.45699583434606 282.2791575937506
454.8634868860762 282.2791575937506
455.2699779378064 282.2791575937506
455.6764689895366 282.2791575937506
456.0829600412668 282.2791575937506
456.48945109299694 282.2791575937506
456.89594214472714 282.2791575937506
457.30243319645734 282.2791575937506
457.70892424818754 282.2791575937506
458.1154152999177 282.2791575937506
458.5219063516479 282.2791575937506
458.9283974033781 282.2791575937506
459.3348884551082 282.2791575937506
459.7413795068384 282.2791575937506
460.1478705585686 282.2791575937506
460.5543616102988 282.2791575937506
460.96085266202897 282.2791575937506
461.36734371375917 282.2791575937506
461.77383476548937 282.2791575937506
462.18032581721957 282.2791575937506
462.5868168689497 282.2791575937506
462.9933079206799 282.2791575937506
463.3997989724101 282.2791575937506
463.80629002414025 282.2791575937506
464.21278107587045 282.2791575937506
464.61927212760065 282.2791575937506
465.02576317933085 282.2791575937506
465.432254231061 282.2791575937506
465.8387452827912 282.2791575937506
466.2452363345214 282.2791575937506
466.6517273862516 282.2791575937506
467.05821843798174 282.2791575937506
467.46470948971194 282.2791575937506
467.87120054144214 282.2791575937506
468.27769159317234 282.2791575937506
468.6841826449025 282.2791575937506
469.0906736966327 282.2791575937506
469.4971647483629 282.2791575937506
469.903655800093 282.2791575937506
470.3101468518232 282.2791575937506
470.7166379035534 282.2791575937506
471.1231289552836 282.2791575937506
471.52962000701376 282.2791575937506
471.93611105874396 282.2791575937506
472.34260211047416 282.2791575937506
472.74909316220436 282.2791575937506
473.1555842139345 282.2791575937506
473.5620752656647 282.2791575937506
473.9685663173949 282.2791575937506
474.37505736912505 282.2791575937506
474.78154842085524 282.2791575937506
475.18803947258544 282.2791575937506
475.59453052431564 282.2791575937506
476.0010215760458 282.2791575937506
476.407512627776 282.2791575937506
476.8140036795062 282.2791575937506
477.2204947312364 282.2791575937506
477.6269857829665 282.2791575937506
478.0334768346967 282.2791575937506
478.4399678864269 282.2791575937506
478.84645893815707 282.2791575937506
479.25294998988727 282.2791575937506
479.65944104161747 282.2791575937506
480.06593209334767 282.2791575937506
480.4724231450778 282.2791575937506
480.878914196808 282.2791575937506
481.2854052485382 282.2791575937506
481.6918963002684 282.2791575937506
482.09838735199855 282.2791575937506
482.50487840372875 282.2791575937506
482.91136945545895 282.2791575937506
483.31786050718915 282.2791575937506
483.7243515589193 282.2791575937506
484.1308426106495 282.2791575937506
484.5373336623797 282.2791575937506
484.94382471410984 282.2791575937506
485.35031576584004 282.2791575937506
485.75680681757024 282.2791575937506
486.16329786930044 282.2791575937506
486.5697889210306 282.2791575937506
486.9762799727608 282.2791575937506
487.382771024491 282.2791575937506
487.7892620762212 282.2791575937506
488.1957531279513 282.2791575937506
488.6022441796815 282.2791575937506
489.0087352314117 282.2791575937506
489.41522628314186 282.2791575937506
489.82171733487206 282.2791575937506
490.22820838660226 282.2791575937506
490.63469943833246 282.2791575937506
491.0411904900626 282.2791575937506
491.4476815417928 282.2791575937506
491.854172593523 282.2791575937506
492.2606636452532 282.2791575937506
492.66715469698335 282.2791575937506
493.07364574871355 282.2791575937506
493.48013680044374 282.2791575937506
493.88662785217394 282.2791575937506
494.2931189039041 282.2791575937506
494.6996099556343 282.2791575937506
495.1061010073645 282.2791575937506
495.51259205909463 282.2791575937506
495.91908311082483 282.2791575937506
496.32557416255503 282.2791575937506
496.7320652142852 282.2791575937506
497.13855626601537 282.2791575937506
497.54504731774557 282.2791575937506
497.95153836947577 282.2791575937506
498.35802942120597 282.2791575937506
498.7645204729361 282.2791575937506
499.1710115246663 282.2791575937506
499.5775025763965 282.2791575937506
499.98399362812665 282.2791575937506
500.39048467985685 282.2791575937506
500.79697573158705 282.2791575937506
501.20346678331725 282.2791575937506
501.6099578350474 282.2791575937506
502.0164488867776 282.2791575937506
502.4229399385078 282.2791575937506
502.829430990238 282.2791575937506
503.23592204196814 282.2791575937506
503.64241309369834 282.2791575937506
504.04890414542854 282.2791575937506
504.45539519715874 282.2791575937506
504.8618862488889 282.2791575937506
505.2683773006191 282.2791575937506
505.6748683523493 282.2791575937506
506.0813594040794 282.2791575937506
506.4878504558096 282.2791575937506
506.8943415075398 282.2791575937506
507.30083255927 282.2791575937506
507.70732361100016 282.2791575937506
508.11381466273036 282.2791575937506
508.52030571446056 282.2791575937506
508.92679676619076 282.2791575937506
509.3332878179209 282.2791575937506
509.7397788696511 282.2791575937506
510.1462699213813 282.2791575937506
510.55276097311145 282.2791575937506
510.95925202484165 282.2791575937506
511.36574307657185 282.2791575937506
511.77223412830205 282.2791575937506
512.1787251800322 282.2791575937506
512.5852162317624 282.2791575937506
512.9917072834926 282.2791575937506
513.3981983352228 282.2791575937506
513.804689386953 282.2791575937506
514.2111804386832 282.2791575937506
514.6176714904133 282.2791575937506
515.0241625421435 282.2791575937506
515.4306535938737 282.2791575937506
515.8371446456039 282.2791575937506
516.2436356973341 282.2791575937506
516.6501267490643 282.2791575937506
517.0566178007945 282.2791575937506
517.4631088525246 282.2791575937506
517.8695999042548 282.2791575937506
518.276090955985 282.2791575937506
518.6825820077152 282.2791575937506
519.0890730594454 282.2791575937506
519.4955641111756 282.2791575937506
519.9020551629058 282.2791575937506
520.308546214636 282.2791575937506
520.715037266366 282.2791575937506
521.1215283180962 282.2791575937506
521.5280193698264 282.2791575937506
521.9345104215566 282.2791575937506
522.3410014732868 282.2791575937506
522.747492525017 282.2791575937506
523.1539835767472 282.2791575937506
523.5604746284773 282.2791575937506
523.9669656802075 282.2791575937506
524.3734567319377 282.2791575937506
524.7799477836679 282.2791575937506
525.1864388353981 282.2791575937506
525.5929298871283 282.2791575937506
525.9994209388585 282.2791575937506
526.4059119905886 282.2791575937506
526.8124030423188 282.2791575937506
527.218894094049 282.2791575937506
527.6253851457792 282.2791575937506
528.0318761975094 282.2791575937506
528.4383672492396 282.2791575937506
528.8448583009698 282.2791575937506
529.2513493527 282.2791575937506
529.6578404044301 282.2791575937506
530.0643314561603 282.2791575937506
530.4708225078905 282.2791575937506
530.8773135596207 282.2791575937506
531.2838046113509 282.2791575937506
531.6902956630811 282.2791575937506
532.0967867148113 282.2791575937506
532.5032777665414 282.2791575937506
532.9097688182716 282.2791575937506
533.3162598700018 282.2791575937506
533.722750921732 282.2791575937506
534.1292419734622 282.2791575937506
534.5357330251924 282.2791575937506
534.9422240769226 282.2791575937506
535.3487151286528 282.2791575937506
535.7552061803829 282.2791575937506
536.161697232113 282.2791575937506
536.5681882838433 282.2791575937506
536.9746793355735 282.2791575937506
537.3811703873037 282.2791575937506
537.7876614390339 282.2791575937506
538.194152490764 282.2791575937506
538.6006435424941 282.2791575937506
539.0071345942243 282.2791575937506
539.4136256459545 282.2791575937506
539.8201166976847 282.2791575937506
540.2266077494149 282.2791575937506
540.6330988011451 282.2791575937506
541.0395898528753 282.2791575937506
541.4460809046054 282.2791575937506
541.8525719563356 282.2791575937506
542.2590630080658 282.2791575937506
542.665554059796 282.2791575937506
543.0720451115262 282.2791575937506
543.4785361632564 282.2791575937506
543.8850272149866 282.2791575937506
544.2915182667168 282.2791575937506
544.6980093184469 282.2791575937506
545.1045003701771 282.2791575937506
545.5109914219073 282.2791575937506
545.9174824736375 282.2791575937506
546.3239735253677 282.2791575937506
546.7304645770979 282.2791575937506
547.1369556288281 282.2791575937506
547.5434466805582 282.2791575937506
547.9499377322884 282.27915759375065
548.3564287840186 282.27915759375065
548.7629198357488 282.27915759375065
549.169410887479 282.27915759375065
549.5759019392092 282.27915759375065
549.9823929909394 282.27915759375065
550.3888840426696 282.27915759375065
550.7953750943997 282.27915759375065
551.2018661461299 282.27915759375065
551.6083571978601 282.27915759375065
552.0148482495903 282.27915759375065
552.4213393013205 282.27915759375065
552.8278303530507 282.27915759375065
553.2343214047809 282.27915759375065
553.640812456511 282.27915759375065
554.0473035082412 282.27915759375065
554.4537945599714 282.27915759375065
554.8602856117016 282.27915759375065
555.2667766634318 282.27915759375065
555.673267715162 282.27915759375065
556.0797587668922 282.27915759375065
556.4862498186224 282.27915759375065
556.8927408703524 282.27915759375065
557.2992319220826 282.27915759375065
557.7057229738128 282.27915759375065
558.112214025543 282.27915759375065
558.5187050772732 282.27915759375065
558.9251961290034 282.27915759375065
559.3316871807336 282.27915759375065
559.7381782324637 282.27915759375065
560.1446692841939 282.27915759375065
560.5511603359241 282.27915759375065
560.9576513876543 282.27915759375065
561.3641424393845 282.27915759375065
561.7706334911147 282.27915759375065
562.1771245428449 282.27915759375065
562.583615594575 282.27915759375065
562.9901066463052 282.27915759375065
563.3965976980354 282.27915759375065
563.8030887497656 282.27915759375065
564.2095798014958 282.27915759375065
564.616070853226 282.27915759375065
565.0225619049562 282.27915759375065
565.4290529566864 282.27915759375065
565.8355440084165 282.27915759375065
566.2420350601467 282.27915759375065
566.6485261118769 282.27915759375065
567.0550171636071 282.27915759375065
567.4615082153373 282.27915759375065
567.8679992670675 282.27915759375065
568.2744903187977 282.27915759375065
568.6809813705278 282.27915759375065
569.087472422258 282.27915759375065
569.4939634739882 282.27915759375065
569.9004545257184 282.27915759375065
570.3069455774486 282.27915759375065
570.7134366291788 282.27915759375065
571.119927680909 282.27915759375065
571.5264187326392 282.27915759375065
571.9329097843693 282.27915759375065
572.3394008360995 282.27915759375065
572.7458918878297 282.27915759375065
573.1523829395599 282.27915759375065
573.55887399129 282.27915759375065
573.9653650430203 282.27915759375065
574.3718560947505 282.27915759375065
574.7783471464805 282.27915759375065
575.1848381982107 282.27915759375065
575.5913292499409 282.27915759375065
575.9978203016711 282.27915759375065
576.4043113534013 282.27915759375065
576.8108024051315 282.27915759375065
577.2172934568617 282.27915759375065
577.6237845085918 282.27915759375065
578.030275560322 282.27915759375065
578.4367666120522 282.27915759375065
578.8432576637824 282.27915759375065
579.2497487155126 282.27915759375065
579.6562397672428 282.27915759375065
580.062730818973 282.27915759375065
580.4692218707032 282.27915759375065
580.8757129224333 282.27915759375065
581.2822039741635 282.27915759375065
581.6886950258937 282.27915759375065
582.0951860776239 282.27915759375065
582.5016771293541 282.27915759375065
582.9081681810843 282.27915759375065
583.3146592328145 282.27915759375065
583.7211502845446 282.27915759375065
584.1276413362748 282.27915759375065
584.534132388005 282.27915759375065
584.9406234397352 282.27915759375065
585.3471144914654 282.27915759375065
585.7536055431956 282.27915759375065
586.1600965949258 282.27915759375065
586.566587646656 282.27915759375065
586.9730786983861 282.27915759375065
587.3795697501163 282.27915759375065
587.7860608018465 282.27915759375065
588.1925518535767 282.27915759375065
588.5990429053069 282.27915759375065
589.0055339570371 282.27915759375065
589.4120250087673 282.27915759375065
589.8185160604974 282.27915759375065
590.2250071122276 282.27915759375065
590.6314981639578 282.27915759375065
591.037989215688 282.27915759375065
591.4444802674182 282.27915759375065
591.8509713191484 282.27915759375065
592.2574623708786 282.27915759375065
592.6639534226088 282.27915759375065
593.0704444743388 282.27915759375065
593.476935526069 282.2791575937507
593.8834265777992 282.2791575937507
594.2899176295294 282.2791575937507
594.6964086812596 282.2791575937507
595.1028997329898 282.2791575937507
595.50939078472 282.2791575937507
595.9158818364501 282.2791575937507
596.3223728881803 282.2791575937507
596.7288639399105 282.2791575937507
597.1353549916407 282.2791575937507
597.5418460433709 282.2791575937507
597.9483370951011 282.2791575937507
598.3548281468313 282.2791575937507
598.7613191985614 282.2791575937507
599.1678102502916 282.2791575937507
599.5743013020218 282.2791575937507
599.980792353752 282.2791575937507
600.3872834054822 282.2791575937507
600.7937744572124 282.2791575937507
601.2002655089426 282.2791575937507
601.6067565606728 282.2791575937507
602.0132476124029 282.2791575937507
602.4197386641331 282.2791575937507
602.8262297158633 282.2791575937507
603.2327207675935 282.2791575937507
603.6392118193237 282.2791575937507
604.0457028710539 282.2791575937507
604.4521939227841 282.2791575937507
604.8586849745142 282.2791575937507
605.2651760262444 282.2791575937507
605.6716670779746 282.2791575937507
606.0781581297048 282.2791575937507
606.484649181435 282.2791575937507
606.8911402331652 282.2791575937507
607.2976312848954 282.2791575937507
607.7041223366256 282.2791575937507
608.1106133883557 282.2791575937507
608.5171044400859 282.2791575937507
608.9235954918161 282.2791575937507
609.3300865435463 282.2791575937507
609.7365775952765 282.2791575937507
610.1430686470067 282.2791575937507
610.5495596987369 282.2791575937507
610.9560507504669 282.2791575937507
611.3625418021971 282.2791575937507
611.7690328539273 282.2791575937507
612.1755239056575 282.2791575937507
612.5820149573877 282.2791575937507
612.9885060091179 282.2791575937507
613.3949970608481 282.2791575937507
613.8014881125783 282.2791575937507
614.2079791643084 282.2791575937507
614.6144702160386 282.2791575937507
615.0209612677688 282.2791575937507
615.427452319499 282.2791575937507
615.8339433712292 282.2791575937507
616.2404344229594 282.2791575937507
616.6469254746896 282.2791575937507
617.0534165264197 282.2791575937507
617.4599075781499 282.2791575937507
617.8663986298801 282.2791575937507
618.2728896816103 282.2791575937507
618.6793807333405 282.2791575937507
619.0858717850707 282.2791575937507
619.4923628368009 282.2791575937507
619.898853888531 282.2791575937507
620.3053449402612 282.2791575937507
620.7118359919914 282.2791575937507
621.1183270437216 282.2791575937507
621.5248180954518 282.2791575937507
621.931309147182 282.2791575937507
622.3378001989122 282.2791575937507
622.7442912506424 282.2791575937507
623.1507823023725 282.2791575937507
623.5572733541027 282.2791575937507
623.9637644058329 282.2791575937507
624.3702554575631 282.2791575937507
624.7767465092933 282.2791575937507
625.1832375610235 282.2791575937507
625.5897286127537 282.2791575937507
625.9962196644838 282.2791575937507
626.402710716214 282.2791575937507
626.8092017679442 282.2791575937507
627.2156928196744 282.2791575937507
627.6221838714046 282.2791575937507
628.0286749231348 282.2791575937507
628.435165974865 282.2791575937507
628.8416570265952 282.2791575937507
629.2481480783252 282.2791575937507
629.6546391300554 282.2791575937507
630.0611301817856 282.2791575937507
630.4676212335158 282.2791575937507
630.874112285246 282.2791575937507
631.2806033369762 282.2791575937507
631.6870943887064 282.2791575937507
632.0935854404365 282.2791575937507
632.5000764921667 282.2791575937507
632.9065675438969 282.2791575937507
633.3130585956271 282.2791575937507
633.7195496473573 282.2791575937507
634.1260406990875 282.2791575937507
634.5325317508177 282.2791575937507
634.9390228025478 282.2791575937507
635.345513854278 282.2791575937507
635.7520049060082 282.2791575937507
636.1584959577384 282.2791575937507
636.5649870094686 282.2791575937507
636.9714780611988 282.2791575937507
637.377969112929 282.2791575937507
637.7844601646592 282.2791575937507
638.1909512163893 282.27915759375077
638.5974422681195 282.27915759375077
639.0039333198497 282.27915759375077
639.4104243715799 282.27915759375077
639.8169154233101 282.27915759375077
640.2234064750403 282.27915759375077
640.6298975267705 282.27915759375077
641.0363885785006 282.27915759375077
641.4428796302308 282.27915759375077
641.849370681961 282.27915759375077
642.2558617336912 282.27915759375077
642.6623527854214 282.27915759375077
643.0688438371516 282.27915759375077
643.4753348888818 282.27915759375077
643.881825940612 282.27915759375077
644.2883169923421 282.27915759375077
644.6948080440723 282.27915759375077
645.1012990958025 282.27915759375077
645.5077901475327 282.27915759375077
645.9142811992629 282.27915759375077
646.3207722509931 282.27915759375077
646.7272633027233 282.27915759375077
647.1337543544533 282.27915759375077
647.5402454061835 282.27915759375077
647.9467364579137 282.27915759375077
648.353227509644 282.27915759375077
648.7597185613741 282.27915759375077
649.1662096131043 282.27915759375077
649.5727006648345 282.27915759375077
649.9791917165647 282.27915759375077
650.3856827682948 282.27915759375077
650.792173820025 282.27915759375077
651.1986648717552 282.27915759375077
651.6051559234854 282.27915759375077
652.0116469752156 282.27915759375077
652.4181380269458 282.27915759375077
652.824629078676 282.27915759375077
653.2311201304061 282.27915759375077
653.6376111821363 282.27915759375077
654.0441022338665 282.27915759375077
654.4505932855967 282.27915759375077
654.8570843373269 282.27915759375077
655.2635753890571 282.27915759375077
655.6700664407873 282.27915759375077
656.0765574925174 282.27915759375077
656.4830485442476 282.27915759375077
656.8895395959778 282.27915759375077
657.296030647708 282.27915759375077
657.7025216994382 282.27915759375077
658.1090127511684 282.27915759375077
658.5155038028986 282.27915759375077
658.9219948546288 282.27915759375077
659.3284859063589 282.27915759375077
659.7349769580891 282.27915759375077
660.1414680098193 282.27915759375077
660.5479590615495 282.27915759375077
660.9544501132797 282.27915759375077
661.3609411650099 282.27915759375077
661.7674322167401 282.27915759375077
662.1739232684702 282.27915759375077
662.5804143202004 282.27915759375077
662.9869053719306 282.27915759375077
663.3933964236608 282.27915759375077
663.799887475391 282.27915759375077
664.2063785271212 282.27915759375077
664.6128695788514 282.27915759375077
665.0193606305816 282.27915759375077
665.4258516823116 282.27915759375077
665.8323427340418 282.27915759375077
666.238833785772 282.27915759375077
666.6453248375022 282.27915759375077
667.0518158892324 282.27915759375077
667.4583069409626 282.27915759375077
667.8647979926928 282.27915759375077
668.2712890444229 282.27915759375077
668.6777800961531 282.27915759375077
669.0842711478833 282.27915759375077
669.4907621996135 282.27915759375077
669.8972532513437 282.27915759375077
670.3037443030739 282.27915759375077
670.7102353548041 282.27915759375077
671.1167264065343 282.27915759375077
671.5232174582644 282.27915759375077
671.9297085099946 282.27915759375077
672.3361995617248 282.27915759375077
672.742690613455 282.27915759375077
673.1491816651852 282.27915759375077
673.5556727169154 282.27915759375077
673.9621637686456 282.27915759375077
674.3686548203757 282.27915759375077
674.7751458721059 282.27915759375077
675.1816369238361 282.27915759375077
675.5881279755663 282.27915759375077
675.9946190272965 282.27915759375077
676.4011100790267 282.27915759375077
676.8076011307569 282.27915759375077
677.214092182487 282.27915759375077
677.6205832342172 282.27915759375077
678.0270742859474 282.27915759375077
678.4335653376776 282.27915759375077
678.8400563894078 282.27915759375077
679.246547441138 282.27915759375077
679.6530384928682 282.27915759375077
680.0595295445984 282.27915759375077
680.4660205963285 282.27915759375077
680.8725116480587 282.27915759375077
681.2790026997889 282.27915759375077
681.6854937515191 282.27915759375077
682.0919848032493 282.27915759375077
682.4984758549795 282.2791575937508
682.9049669067097 282.2791575937508
683.3114579584397 282.2791575937508
683.71794901017 282.2791575937508
684.1244400619001 282.2791575937508
684.5309311136303 282.2791575937508
684.9374221653605 282.2791575937508
685.3439132170907 282.2791575937508
685.750404268821 282.2791575937508
686.1568953205511 282.2791575937508
686.5633863722812 282.2791575937508
686.9698774240114 282.2791575937508
687.3763684757416 282.2791575937508
687.7828595274718 282.2791575937508
688.189350579202 282.2791575937508
688.5958416309322 282.2791575937508
689.0023326826624 282.2791575937508
689.4088237343925 282.2791575937508
689.8153147861227 282.2791575937508
690.2218058378529 282.2791575937508
690.6282968895831 282.2791575937508
691.0347879413133 282.2791575937508
691.4412789930435 282.2791575937508
691.8477700447737 282.2791575937508
692.2542610965038 282.2791575937508
692.660752148234 282.2791575937508
693.0672431999642 282.2791575937508
693.4737342516944 282.2791575937508
693.8802253034246 282.2791575937508
694.2867163551548 282.2791575937508
694.693207406885 282.2791575937508
695.0996984586152 282.2791575937508
695.5061895103453 282.2791575937508
695.9126805620755 282.2791575937508
696.3191716138057 282.2791575937508
696.7256626655359 282.2791575937508
697.1321537172661 282.2791575937508
697.5386447689963 282.2791575937508
697.9451358207265 282.2791575937508
698.3516268724566 282.2791575937508
698.7581179241868 282.2791575937508
699.164608975917 282.2791575937508
699.5711000276472 282.2791575937508
699.9775910793774 282.2791575937508
700.3840821311076 282.2791575937508
700.7905731828378 282.2791575937508
701.197064234568 282.2791575937508
701.603555286298 282.2791575937508
702.0100463380282 282.2791575937508
702.4165373897584 282.2791575937508
702.8230284414886 282.2791575937508
703.2295194932188 282.2791575937508
703.636010544949 282.2791575937508
704.0425015966792 282.2791575937508
704.4489926484093 282.2791575937508
704.8554837001395 282.2791575937508
705.2619747518697 282.2791575937508
705.6684658035999 282.2791575937508
706.0749568553301 282.2791575937508
706.4814479070603 282.2791575937508
706.8879389587905 282.2791575937508
707.2944300105207 282.2791575937508
707.7009210622508 282.2791575937508
708.107412113981 282.2791575937508
708.5139031657112 282.2791575937508
708.9203942174414 282.2791575937508
709.3268852691716 282.2791575937508
709.7333763209018 282.2791575937508
710.139867372632 282.2791575937508
710.5463584243621 282.2791575937508
710.9528494760923 282.2791575937508
711.3593405278225 282.2791575937508
711.7658315795527 282.2791575937508
712.1723226312829 282.2791575937508
712.5788136830131 282.2791575937508
712.9853047347433 282.2791575937508
713.3917957864734 282.2791575937508
713.7982868382036 282.2791575937508
714.2047778899338 282.2791575937508
714.611268941664 282.2791575937508
715.0177599933942 282.2791575937508
715.4242510451244 282.2791575937508
715.8307420968546 282.2791575937508
716.2372331485848 282.2791575937508
716.6437242003149 282.2791575937508
717.0502152520451 282.2791575937508
717.4567063037753 282.2791575937508
717.8631973555055 282.2791575937508
718.2696884072357 282.2791575937508
718.6761794589659 282.2791575937508
719.0826705106961 282.2791575937508
719.4891615624261 282.2791575937508
719.8956526141563 282.2791575937508
720.3021436658865 282.2791575937508
720.7086347176167 282.2791575937508
721.115125769347 282.2791575937508
721.5216168210771 282.2791575937508
721.9281078728073 282.2791575937508
722.3345989245375 282.2791575937508
722.7410899762676 282.2791575937508
723.1475810279978 282.2791575937508
723.554072079728 282.2791575937508
723.9605631314582 282.2791575937508
724.3670541831884 282.2791575937508
724.7735452349186 282.2791575937508
725.1800362866488 282.2791575937508
725.5865273383789 282.2791575937508
725.9930183901091 282.2791575937508
726.3995094418393 282.2791575937508
726.8060004935695 282.2791575937508
727.2124915452997 282.2791575937508
727.6189825970299 282.2791575937508
728.0254736487601 282.2791575937508
728.4319647004902 282.2791575937508
728.8384557522204 282.2791575937508
729.2449468039506 282.2791575937508
729.6514378556808 282.2791575937509
730.057928907411 282.2791575937509
730.4644199591412 282.2791575937509
730.8709110108714 282.2791575937509
731.2774020626016 282.2791575937509
731.6838931143317 282.2791575937509
732.0903841660619 282.2791575937509
732.4968752177921 282.2791575937509
732.9033662695223 282.2791575937509
733.3098573212525 282.2791575937509
733.7163483729827 282.2791575937509
734.1228394247129 282.2791575937509
734.529330476443 282.2791575937509
734.9358215281732 282.2791575937509
735.3423125799034 282.2791575937509
735.7488036316336 282.2791575937509
736.1552946833638 282.2791575937509
736.561785735094 282.2791575937509
736.9682767868242 282.2791575937509
737.3747678385544 282.2791575937509
737.7812588902844 282.2791575937509
738.1877499420146 282.2791575937509
738.5942409937448 282.2791575937509
739.000732045475 282.2791575937509
739.4072230972052 282.2791575937509
739.8137141489354 282.2791575937509
740.2202052006656 282.2791575937509
740.6266962523957 282.2791575937509
741.0331873041259 282.2791575937509
741.4396783558561 282.2791575937509
741.8461694075863 282.2791575937509
742.2526604593165 282.2791575937509
742.6591515110467 282.2791575937509
743.0656425627769 282.2791575937509
743.4721336145071 282.2791575937509
743.8786246662372 282.2791575937509
744.2851157179674 282.2791575937509
744.6916067696976 282.2791575937509
745.0980978214278 282.2791575937509
745.504588873158 282.2791575937509
745.9110799248882 282.2791575937509
746.3175709766184 282.2791575937509
746.7240620283485 282.2791575937509
747.1305530800787 282.2791575937509
747.5370441318089 282.2791575937509
747.9435351835391 282.2791575937509
748.3500262352693 282.2791575937509
748.7565172869995 282.2791575937509
749.1630083387297 282.2791575937509
749.5694993904598 282.2791575937509
749.97599044219 282.2791575937509
750.3824814939202 282.2791575937509
750.7889725456504 282.2791575937509
751.1954635973806 282.2791575937509
751.6019546491108 282.2791575937509
752.008445700841 282.2791575937509
752.4149367525712 282.2791575937509
752.8214278043013 282.2791575937509
753.2279188560315 282.2791575937509
753.6344099077617 282.2791575937509
754.0409009594919 282.2791575937509
754.4473920112221 282.2791575937509
754.8538830629523 282.2791575937509
755.2603741146825 282.2791575937509
755.6668651664125 282.2791575937509
756.0733562181427 282.2791575937509
756.479847269873 282.2791575937509
756.8863383216031 282.2791575937509
757.2928293733333 282.2791575937509
757.6993204250635 282.2791575937509
758.1058114767937 282.2791575937509
758.512302528524 282.2791575937509
758.918793580254 282.2791575937509
759.3252846319842 282.2791575937509
759.7317756837144 282.2791575937509
760.1382667354446 282.2791575937509
760.5447577871748 282.2791575937509
760.951248838905 282.2791575937509
761.3577398906352 282.2791575937509
761.7642309423653 282.2791575937509
762.1707219940955 282.2791575937509
762.5772130458257 282.2791575937509
762.9837040975559 282.2791575937509
763.3901951492861 282.2791575937509
763.7966862010163 282.2791575937509
764.2031772527465 282.2791575937509
764.6096683044767 282.2791575937509
765.0161593562068 282.2791575937509
765.422650407937 282.2791575937509
765.8291414596672 282.2791575937509
766.2356325113974 282.2791575937509
766.6421235631276 282.2791575937509
767.0486146148578 282.2791575937509
767.455105666588 282.2791575937509
767.8615967183181 282.2791575937509
768.2680877700483 282.2791575937509
768.6745788217785 282.2791575937509
769.0810698735087 282.2791575937509
769.4875609252389 282.2791575937509
769.8940519769691 282.2791575937509
770.3005430286993 282.2791575937509
770.7070340804294 282.2791575937509
771.1135251321596 282.2791575937509
771.5200161838898 282.2791575937509
771.92650723562 282.2791575937509
772.3329982873502 282.2791575937509
772.7394893390804 282.27915759375094
773.1459803908106 282.27915759375094
773.5524714425408 282.27915759375094
773.9589624942708 282.27915759375094
774.365453546001 282.27915759375094
774.7719445977312 282.27915759375094
775.1784356494614 282.27915759375094
775.5849267011916 282.27915759375094
775.9914177529218 282.27915759375094
776.397908804652 282.27915759375094
776.8043998563821 282.27915759375094
777.2108909081123 282.27915759375094
777.6173819598425 282.27915759375094
778.0238730115727 282.27915759375094
778.4303640633029 282.27915759375094
778.8368551150331 282.27915759375094
779.2433461667633 282.27915759375094
779.6498372184935 282.27915759375094
780.0563282702236 282.27915759375094
780.4628193219538 282.27915759375094
780.869310373684 282.27915759375094
781.2758014254142 282.27915759375094
781.6822924771444 282.27915759375094
782.0887835288746 282.27915759375094
782.4952745806048 282.27915759375094
782.9017656323349 282.27915759375094
783.3082566840651 282.27915759375094
783.7147477357953 282.27915759375094
784.1212387875255 282.27915759375094
784.5277298392557 282.27915759375094
784.9342208909859 282.27915759375094
785.3407119427161 282.27915759375094
785.7472029944462 282.27915759375094
786.1536940461764 282.27915759375094
786.5601850979066 282.27915759375094
786.9666761496368 282.27915759375094
787.373167201367 282.27915759375094
787.7796582530972 282.27915759375094
788.1861493048274 282.27915759375094
788.5926403565576 282.27915759375094
788.9991314082877 282.27915759375094
789.4056224600179 282.27915759375094
789.8121135117481 282.27915759375094
790.2186045634783 282.279157593751
790.6250956152085 282.279157593751
