time d2_rk
0.0 1.100000000000001
0.4064910517301843 1.099450020882526
0.8129821034603686 1.0988995847991938
1.2194731551905529 1.0983485878546766
1.6259642069207372 1.0977970614655364
2.0324552586509217 1.0972450353424352
2.4389463103811058 1.096692537577616
2.84543736211129 1.0961395947284167
3.2519284138414744 1.095586231896955
3.658419465571659 1.0950324728060987
4.064910517301843 1.09447833987185
4.471401569032027 1.093923854272276
4.8778926207622115 1.093369036013107
5.284383672492396 1.0928139039901383
5.69087472422258 1.0922584760485519
6.097365775952764 1.091702769039295
6.503856827682949 1.0911467988726318
6.910347879413133 1.090590580568986
7.316838931143318 1.0900341283072026
7.723329982873501 1.0894774554703308
8.129821034603687 1.0889205746890538
8.53631208633387 1.0883634978828574
8.942803138064054 1.0878062362990586
9.34929418979424 1.087248800549785
9.755785241524423 1.0866912006470035
10.162276293254607 1.086133446035698
10.568767344984792 1.0855755456252811
10.975258396714976 1.0850175078193292
11.38174944844516 1.0844593405437204
11.788240500175345 1.0839010512732654
12.194731551905528 1.0833426470568923
12.601222603635714 1.0827841345414744
13.007713655365897 1.0822255199943565
13.414204707096081 1.0816668093246595
13.820695758826266 1.0811080081034172
14.22718681055645 1.0805491215826075
14.633677862286635 1.079990154713145
15.040168914016819 1.0794311121618743
15.446659965747003 1.0788719983276311
15.853151017477188 1.078312817356412
16.259642069207374 1.0777535731557069
16.666133120937555 1.0771942694080265
17.07262417266774 1.0766349095836893
17.479115224397926 1.0760754969528852
17.885606276128108 1.075516034597071
18.292097327858293 1.0749565254197262
18.69858837958848 1.0743969721565076
19.10507943131866 1.0738373773848309
19.511570483048846 1.0732777435329186
19.91806153477903 1.0727180728883332
20.324552586509213 1.0721583676060362
20.7310436382394 1.0715986297159845
21.137534689969584 1.0710388611303026
21.544025741699766 1.0704790636500494
21.95051679342995 1.0699192389715995
22.357007845160137 1.0693593886926613
22.76349889689032 1.06879951431796
23.169989948620504 1.0682396172645894
23.57648100035069 1.0676796988670647
23.982972052080875 1.0671197603820861
24.389463103811057 1.06655980299303
24.795954155541242 1.065999827814187
25.202445207271428 1.065439835894752
25.60893625900161 1.0648798282225942
26.015427310731795 1.0643198057278034
26.42191836246198 1.0637597692860405
26.828409414192162 1.0631997197216887
27.234900465922347 1.0626396578108328
27.641391517652533 1.0620795842840574
28.047882569382715 1.0615194998290933
28.4543736211129 1.0609594050933067
28.860864672843086 1.0603993006860457
29.26735572457327 1.0598391871808543
29.673846776303453 1.0592790651175563
30.080337828033638 1.0587189350042199
30.486828879763824 1.0581587973190085
30.893319931494005 1.0575986525119259
31.29981098322419 1.0570385010064594
31.706302034954376 1.0564783432011293
32.11279308668456 1.0559181794709458
32.51928413841475 1.055358010168786
32.925775190144925 1.0547978356266874
33.33226624187511 1.0542376561570685
33.738757293605296 1.0536774720538764
34.14524834533548 1.0531172835936722
34.55173939706567 1.0525570910366473
34.95823044879585 1.0519968946275864
35.36472150052603 1.0514366945967704
35.771212552256216 1.0508764911608288
36.1777036039864 1.0503162845235419
36.58419465571659 1.0497560748765966
36.99068570744677 1.0491958624002986
37.39717675917696 1.04863564726424
37.803667810907136 1.0480754296279338
38.21015886263732 1.0475152096414049
38.61664991436751 1.0469549874457513
39.02314096609769 1.0463947631736703
39.42963201782788 1.0458345369499542
39.83612306955806 1.0452743088919567
40.24261412128825 1.0447140791100356
40.64910517301843 1.044153847707961
41.05559622474861 1.0435936147833105
41.4620872764788 1.0430333804278313
41.86857832820898 1.0424731447277902
42.27506937993917 1.0419129077642932
42.681560431669354 1.0413526696135946
43.08805148339953 1.040792430347386
43.49454253512972 1.0402321900330627
43.9010335868599 1.0396719487339838
44.30752463859009 1.039111706509708
44.714015690320274 1.0385514634162223
45.12050674205046 1.0379912195061538
45.52699779378064 1.0374309748289665
45.93348884551082 1.0368707294311563
46.33997989724101 1.0363104833564212
46.746470948971194 1.0357502366458324
47.15296200070138 1.0351899893379886
47.559453052431564 1.0346297414691648
47.96594410416175 1.0340694930734495
48.37243515589193 1.0335092441828786
48.77892620762211 1.0329489948275543
49.1854172593523 1.0323887450357625
49.591908311082484 1.0318284948340812
49.99839936281267 1.031268244247485
50.404890414542855 1.0307079932994354
50.81138146627303 1.030147742011979
51.21787251800322 1.0295874904058249
51.624363569733404 1.0290272385004318
52.03085462146359 1.0284669863140778
52.437345673193775 1.0279067338639332
52.84383672492396 1.0273464811661284
53.250327776654146 1.0267862282358144
53.656818828384324 1.026225975087223
54.06330988011451 1.025665721733721
54.469800931844695 1.0251054681878635
54.87629198357488 1.0245452144614422
55.282783035305066 1.0239849605655313
55.68927408703525 1.023424706510531
56.09576513876543 1.0228644523062091
56.502256190495615 1.0223041979617362
56.9087472422258 1.0217439434857263
57.315238293955986 1.0211836888862658
57.72172934568617 1.0206234341709486
58.12822039741636 1.0200631793469048
58.53471144914654 1.0195029244208291
58.94120250087672 1.0189426693990074
59.347693552606906 1.0183824142873399
59.75418460433709 1.0178221590913659
60.160675656067276 1.0172619038162867
60.56716670779746 1.016701648466984
60.97365775952765 1.0161413930480399
61.380148811257826 1.0155811375637573
61.78663986298801 1.0150208820181732
62.193130914718196 1.0144606264150775
62.59962196644838 1.0139003707580272
63.00611301817857 1.0133401150503607
63.41260406990875 1.012779859295211
63.81909512163893 1.0122196034955189
64.22558617336912 1.0116593476540428
64.63207722509931 1.0110990917733729
65.0385682768295 1.0105388358559382
65.44505932855967 1.0099785799040193
65.85155038028985 1.0094183239197552
66.25804143202004 1.0088580679051526
66.66453248375022 1.0082978118620949
67.0710235354804 1.0077375557923491
67.47751458721059 1.007177299697573
67.88400563894078 1.0066170435793211
68.29049669067096 1.0060567874390525
68.69698774240115 1.0054965312781352
69.10347879413133 1.0049362750978534
69.50996984586152 1.00437601889941
69.9164608975917 1.0038157626839357
70.32295194932188 1.0032555064524884
70.72944300105206 1.0026952502060624
71.13593405278225 1.002134993945589
71.54242510451243 1.0015747376719413
71.94891615624262 1.0010144813859396
72.3554072079728 1.0004542250883524
72.76189825970299 0.9998939687798989
73.16838931143317 0.999333712461256
73.57488036316336 0.9987734561330566
73.98137141489354 0.998213199795895
74.38786246662373 0.9976529434503271
74.79435351835392 0.997092687096876
75.2008445700841 0.9965324307360306
75.60733562181427 0.9959721743682496
76.01382667354446 0.9954119179939637
76.42031772527464 0.9948516616135757
76.82680877700483 0.9942914052274637
77.23329982873501 0.9937311488359817
77.6397908804652 0.993170892439462
78.04628193219538 0.9926106360382152
78.45277298392557 0.9920503796325336
78.85926403565576 0.9914901232226903
79.26575508738594 0.990929866808941
79.67224613911613 0.9903696103915265
80.07873719084631 0.9898093539706709
80.4852282425765 0.9892490975465859
80.89171929430667 0.9886888411194676
81.29821034603685 0.9881285846895023
81.70470139776704 0.9875683282568629
82.11119244949722 0.9870080718217114
82.51768350122741 0.9864478153842002
82.9241745529576 0.985887558944472
83.33066560468778 0.9853273025026599
83.73715665641797 0.9847670460588891
84.14364770814815 0.9842067896132768
84.55013875987834 0.9836465331659324
84.95662981160852 0.9830862767169589
85.36312086333871 0.9825260202664527
85.7696119150689 0.9819657638145036
86.17610296679906 0.9814055073611956
86.58259401852925 0.9808452509066088
86.98908507025943 0.9802849944508158
87.39557612198962 0.979724737993887
87.8020671737198 0.9791644815358865
88.20855822544999 0.9786042250768753
88.61504927718018 0.9780439686169102
89.02154032891036 0.9774837121560443
89.42803138064055 0.9769234556943279
89.83452243237073 0.9763631992318066
90.24101348410092 0.9758029427685248
90.6475045358311 0.9752426863045226
91.05399558756127 0.9746824298398395
91.46048663929146 0.9741221733745101
91.86697769102165 0.973561916908568
92.27346874275183 0.9730016604420451
92.67995979448202 0.97244140397497
93.0864508462122 0.9718811475073703
93.49294189794239 0.9713208910392714
93.89943294967257 0.9707606345706976
94.30592400140276 0.9702003781016714
94.71241505313294 0.9696401216322135
95.11890610486313 0.9690798651623435
95.52539715659331 0.96851960869208
95.9318882083235 0.9679593522214393
96.33837926005367 0.9673990957504383
96.74487031178386 0.9668388392790916
97.15136136351404 0.9662785828074136
97.55785241524423 0.9657183263354167
97.96434346697441 0.9651580698631138
98.3708345187046 0.9645978133905153
98.77732557043478 0.9640375569176335
99.18381662216497 0.9634773004444765
99.59030767389515 0.9629170439710543
99.99679872562534 0.9623567874973766
100.40328977735552 0.9617965310234502
100.80978082908571 0.961236274549283
101.2162718808159 0.9606760180748823
101.62276293254607 0.9601157616002548
102.02925398427625 0.9595555051254061
102.43574503600644 0.9589952486503421
102.84223608773662 0.9584349921750687
103.24872713946681 0.9578747356995905
103.655218191197 0.9573144792239117
104.06170924292718 0.9567542227480371
104.46820029465736 0.9561939662719711
104.87469134638755 0.9556337097957169
105.28118239811774 0.9550734533192782
105.68767344984792 0.9545131968426578
106.0941645015781 0.953952940365859
106.50065555330829 0.9533926838888848
106.90714660503846 0.9528324274117379
107.31363765676865 0.9522721709344204
107.72012870849883 0.9517119144569345
108.12661976022902 0.9511516579792825
108.5331108119592 0.9505914015014664
108.93960186368939 0.9500311450234878
109.34609291541958 0.9494708885453486
109.75258396714976 0.9489106320670496
110.15907501887995 0.9483503755885934
110.56556607061013 0.9477901191099802
110.97205712234032 0.9472298626312118
111.3785481740705 0.9466696061522892
111.78503922580069 0.9461093496732134
112.19153027753086 0.9455490931939854
112.59802132926104 0.9449888367146058
113.00451238099123 0.9444285802350757
113.41100343272142 0.9438683237553959
113.8174944844516 0.9433080672755664
114.22398553618179 0.9427478107955884
114.63047658791197 0.9421875543154626
115.03696763964216 0.9416272978351888
115.44345869137234 0.941067041354768
115.84994974310253 0.9405067848742006
116.25644079483271 0.9399465283934862
116.6629318465629 0.9393862719126261
117.06942289829308 0.9388260154316199
117.47591395002325 0.9382657589504682
117.88240500175344 0.937705502469171
118.28889605348363 0.9371452459877282
118.69538710521381 0.9365849895061407
119.101878156944 0.9360247330244078
119.50836920867418 0.9354644765425303
119.91486026040437 0.9349042200605077
120.32135131213455 0.9343439635783406
120.72784236386474 0.9337837070960285
121.13433341559492 0.9332234506135718
121.54082446732511 0.93266319413097
121.9473155190553 0.9321029376482237
122.35380657078547 0.9315426811653323
122.76029762251565 0.9309824246822963
123.16678867424584 0.930422168199115
123.57327972597602 0.9298619117157888
123.97977077770621 0.9293016552323174
124.38626182943639 0.9287413987487009
124.79275288116658 0.9281811422649386
125.19924393289676 0.9276208857810312
125.60573498462695 0.9270606292969779
126.01222603635713 0.9265003728127787
126.41871708808732 0.9259401163284335
126.8252081398175 0.9253798598439426
127.23169919154769 0.924819603359305
127.63819024327786 0.9242593468745209
128.04468129500805 0.9236990903895903
128.45117234673825 0.9231388339045129
128.85766339846842 0.9225785774192881
129.26415445019862 0.9220183209339163
129.6706455019288 0.9214580644483972
130.077136553659 0.92089780796273
130.48362760538916 0.9203375514769154
130.89011865711933 0.9197772949909525
131.29660970884953 0.919217038504841
131.7031007605797 0.9186567820185814
132.1095918123099 0.9180965255321726
132.51608286404007 0.917536269045615
132.92257391577027 0.916976012558908
133.32906496750044 0.9164157560720516
133.73555601923064 0.9158554995850454
134.1420470709608 0.9152952430978893
134.548538122691 0.9147349866105831
134.95502917442118 0.9141747301231262
135.36152022615136 0.9136144736355185
135.76801127788156 0.9130542171477598
136.17450232961173 0.9124939606598501
136.58099338134193 0.9119337041717887
136.9874844330721 0.9113734476835755
137.3939754848023 0.9108131911952103
137.80046653653247 0.9102529347066926
138.20695758826267 0.9096926782180227
138.61344863999284 0.9091324217291996
139.01993969172304 0.9085721652402236
139.4264307434532 0.908011908751094
139.8329217951834 0.9074516522618109
140.23941284691358 0.9068913957723741
140.64590389864375 0.9063311392827827
141.05239495037395 0.905770882793037
141.45888600210412 0.9052106263031362
141.86537705383432 0.9046503698130809
142.2718681055645 0.9040901133228699
142.6783591572947 0.9035298568325034
143.08485020902486 0.9029696003419808
143.49134126075506 0.9024093438513021
143.89783231248524 0.9018490873604672
144.30432336421543 0.9012888308694754
144.7108144159456 0.9007285743783264
145.1173054676758 0.9001683178870202
145.52379651940598 0.8996080613955565
145.93028757113615 0.8990478049039347
146.33677862286635 0.898487548412155
146.74326967459652 0.8979272919202164
147.14976072632672 0.8973670354281191
147.5562517780569 0.8968067789358628
147.9627428297871 0.8962465224434472
148.36923388151726 0.8956862659508719
148.77572493324746 0.8951260094581364
149.18221598497763 0.8945657529652409
149.58870703670783 0.8940054964721846
149.995198088438 0.8934452399789676
150.4016891401682 0.8928849834855893
150.80818019189837 0.8923247269920496
151.21467124362854 0.8917644704983482
151.62116229535874 0.8912042140044847
152.02765334708891 0.8906439575104586
152.43414439881911 0.8900837010162699
152.84063545054929 0.8895234445219183
153.24712650227949 0.8889631880274035
153.65361755400966 0.8884029315327248
154.06010860573986 0.8878426750378823
154.46659965747003 0.8872824185428756
154.87309070920023 0.8867221620477043
155.2795817609304 0.8861619055523682
155.6860728126606 0.8856016490568669
156.09256386439077 0.8850413925612001
156.49905491612094 0.8844811360653676
156.90554596785114 0.8839208795693688
157.3120370195813 0.8833606230732038
157.7185280713115 0.8828003665768717
158.12501912304168 0.882240110080373
158.53151017477188 0.8816798535837065
158.93800122650205 0.8811195970868726
159.34449227823225 0.8805593405898705
159.75098332996242 0.8799990840927001
160.15747438169262 0.8794388275953612
160.5639654334228 0.8788785710978532
160.970456485153 0.8783183146001761
161.37694753688316 0.877758058102329
161.78343858861334 0.877197801604312
162.18992964034354 0.8766375451061251
162.5964206920737 0.8760772886077675
163.0029117438039 0.8755170321092386
163.40940279553408 0.8749567756105388
163.81589384726428 0.8743965191116674
164.22238489899445 0.8738362626126238
164.62887595072465 0.8732760061134082
165.03536700245482 0.87271574961402
165.44185805418502 0.8721554931144585
165.8483491059152 0.8715952366147244
166.2548401576454 0.8710349801148162
166.66133120937556 0.8704747236147344
167.06782226110573 0.8699144671144781
167.47431331283593 0.8693542106140475
167.8808043645661 0.8687939541134417
168.2872954162963 0.8682336976126608
168.69378646802647 0.8676734411117042
169.10027751975667 0.8671131846105717
169.50676857148684 0.8665529281092629
169.91325962321704 0.8659926716077775
170.31975067494722 0.8654324151061152
170.72624172667742 0.8648721586042755
171.1327327784076 0.8643119021022582
171.5392238301378 0.8637516456000628
171.94571488186796 0.8631913890976891
172.35220593359813 0.8626311325951368
172.75869698532833 0.8620708760924052
173.1651880370585 0.8615106195894944
173.5716790887887 0.8609503630864038
173.97817014051887 0.8603901065831332
174.38466119224907 0.8598298500796819
174.79115224397924 0.85926959357605
175.19764329570944 0.858709337072237
175.6041343474396 0.8581490805682425
176.0106253991698 0.8575888240640658
176.41711645089998 0.8570285675597071
176.82360750263018 0.856468311055166
177.23009855436035 0.8559080545504417
177.63658960609052 0.8553477980455343
178.04308065782072 0.8547875415404431
178.4495717095509 0.8542272850351679
178.8560627612811 0.8536670285297083
179.26255381301127 0.8531067720240639
179.66904486474147 0.8525465155182345
180.07553591647164 0.8519862590122197
180.48202696820184 0.851426002506019
180.888518019932 0.8508657459996319
181.2950090716622 0.8503054894930584
181.70150012339238 0.8497452329862981
182.10799117512255 0.8491849764793502
182.51448222685275 0.8486247199722147
182.92097327858292 0.8480644634648913
183.32746433031312 0.8475042069573793
183.7339553820433 0.8469439504496785
184.1404464337735 0.8463836939417887
184.54693748550366 0.845823437433709
184.95342853723386 0.8452631809254395
185.35991958896403 0.8447029244169799
185.76641064069423 0.8441426679083294
186.1729016924244 0.843582411399488
186.5793927441546 0.8430221548904551
186.98588379588477 0.8424618983812302
187.39237484761495 0.8419016418718132
187.79886589934515 0.8413413853622036
188.20535695107532 0.8407811288524009
188.61184800280552 0.8402208723424048
189.0183390545357 0.8396606158322153
189.4248301062659 0.8391003593218315
189.83132115799606 0.838540102811253
190.23781220972626 0.8379798463004797
190.64430326145643 0.837419589789511
191.05079431318663 0.8368593332783466
191.4572853649168 0.8362990767669862
191.863776416647 0.8357388202554291
192.27026746837717 0.8351785637436755
192.67675852010734 0.8346183072317243
193.08324957183754 0.8340580507195756
193.4897406235677 0.8334977942072286
193.8962316752979 0.832937537694683
194.30272272702808 0.8323772811819389
194.70921377875828 0.8318170246689952
195.11570483048845 0.8312567681558521
195.52219588221865 0.8306965116425089
195.92868693394882 0.8301362551289649
196.33517798567902 0.82957599861522
196.7416690374092 0.8290157421012742
197.1481600891394 0.8284554855871265
197.55465114086957 0.8278952290727765
197.96114219259974 0.8273349725582241
198.36763324432994 0.8267747160434686
198.7741242960601 0.8262144595285099
199.1806153477903 0.8256542030133474
199.58710639952048 0.8250939464979805
199.99359745125068 0.8245336899824092
200.40008850298085 0.8239734334666329
200.80657955471105 0.8234131769506511
201.21307060644122 0.8228529204344633
201.61956165817142 0.8222926639180693
202.0260527099016 0.8217324074014687
202.4325437616318 0.8211721508846609
202.83903481336196 0.8206118943676454
203.24552586509213 0.8200516378504221
203.65201691682233 0.8194913813329902
204.0585079685525 0.8189311248153497
204.4649990202827 0.8183708682974997
204.87149007201288 0.8178106117794403
205.27798112374307 0.8172503552611707
205.68447217547325 0.8166900987426903
206.09096322720345 0.8161298422239992
206.49745427893362 0.8155695857050963
206.90394533066382 0.8150093291859819
207.310436382394 0.8144490726666551
207.7169274341242 0.8138888161471156
208.12341848585436 0.8133285596273626
208.52990953758453 0.8127683031073963
208.93640058931473 0.8122080465872159
209.3428916410449 0.811647790066821
209.7493826927751 0.8110875335462111
210.15587374450527 0.8105272770253859
210.56236479623547 0.8099670205043448
210.96885584796564 0.8094067639830873
211.37534689969584 0.8088465074616132
211.781837951426 0.8082862509399218
212.1883290031562 0.8077259944180128
212.59482005488638 0.8071657378958857
213.00131110661658 0.8066054813735403
213.40780215834675 0.8060452248509756
213.81429321007693 0.8054849683281916
214.22078426180713 0.8049247118051875
214.6272753135373 0.8043644552819632
215.0337663652675 0.803804198758518
215.44025741699767 0.8032439422348515
215.84674846872787 0.802683685710963
216.25323952045804 0.8021234291868526
216.65973057218824 0.8015631726625195
217.0662216239184 0.801002916137963
217.4727126756486 0.8004426596131831
217.87920372737878 0.799882403088179
218.28569477910898 0.7993221465629504
218.69218583083915 0.7987618900374963
219.09867688256932 0.7982016335118173
219.50516793429952 0.7976413769859121
219.9116589860297 0.7970811204597804
220.3181500377599 0.7965208639334215
220.72464108949006 0.7959606074068355
221.13113214122026 0.7954003508800216
221.53762319295043 0.794840094352979
221.94411424468063 0.7942798378257078
222.3506052964108 0.7937195812982072
222.757096348141 0.7931593247704768
223.16358739987118 0.792599068242516
223.57007845160138 0.7920388117143242
223.97656950333155 0.7914785551859014
224.38306055506172 0.7909182986572467
224.78955160679192 0.7903580421283595
225.1960426585221 0.7897977855992397
225.6025337102523 0.7892375290698868
226.00902476198246 0.7886772725402998
226.41551581371266 0.7881170160104787
226.82200686544283 0.7875567594804227
227.22849791717303 0.7869965029501315
227.6349889689032 0.7864362464196045
228.0414800206334 0.7858759898888411
228.44797107236357 0.7853157333578412
228.85446212409377 0.7847554768266036
229.26095317582394 0.7841952202951283
229.6674442275541 0.7836349637634149
230.0739352792843 0.7830747072314626
230.48042633101448 0.7825144506992707
230.88691738274468 0.7819541941668391
231.29340843447486 0.7813939376341672
231.69989948620506 0.7808336811012544
232.10639053793523 0.7802734245681001
232.51288158966543 0.7797131680347038
232.9193726413956 0.7791529115010652
233.3258636931258 0.7785926549671834
233.73235474485597 0.7780323984330584
234.13884579658617 0.7774721418986894
234.54533684831634 0.7769118853640756
234.9518279000465 0.7763516288292168
235.3583189517767 0.7757913722941124
235.76481000350688 0.7752311157587619
236.17130105523708 0.7746708592231646
236.57779210696725 0.7741106026873201
236.98428315869745 0.7735503461512279
237.39077421042762 0.7729900896148874
237.79726526215782 0.772429833078298
238.203756313888 0.7718695765414593
238.6102473656182 0.7713093200043706
239.01673841734836 0.7707490634670314
239.42322946907854 0.7701888069294415
239.82972052080873 0.7696285503915996
240.2362115725389 0.7690682938535061
240.6427026242691 0.7685080373151593
241.04919367599928 0.7679477807765597
241.45568472772948 0.7673875242377063
241.86217577945965 0.7668272676985985
242.26866683118985 0.7662670111592358
242.67515788292002 0.7657067546196176
243.08164893465022 0.7651464980797434
243.4881399863804 0.7645862415396129
243.8946310381106 0.7640259849992249
244.30112208984076 0.7634657284585795
244.70761314157093 0.7629054719176757
245.11410419330113 0.7623452153765131
245.5205952450313 0.7617849588350912
245.9270862967615 0.7612247022934092
246.33357734849167 0.7606644457514666
246.74006840022187 0.7601041892092629
247.14655945195204 0.7595439326667973
247.55305050368224 0.7589836761240697
247.95954155541241 0.7584234195810793
248.3660326071426 0.7578631630378253
248.77252365887279 0.7573029064943071
249.17901471060298 0.7567426499505248
249.58550576233316 0.7561823934064767
249.99199681406333 0.7556221368621632
250.39848786579353 0.755061880317583
250.8049789175237 0.754501623772736
251.2114699692539 0.7539413672276215
251.61796102098407 0.7533811106822387
252.02445207271427 0.7528208541365871
252.43094312444444 0.7522605975906662
252.83743417617464 0.7517003410444751
253.2439252279048 0.7511400844980138
253.650416279635 0.7505798279512811
254.05690733136518 0.7500195714042768
254.46339838309538 0.7494593148569998
254.86988943482555 0.74889905830945
255.27638048655572 0.7483388017616265
255.68287153828592 0.7477785452135286
256.0893625900161 0.7472182886651562
256.4958536417463 0.746658032116508
256.9023446934765 0.7460977755675837
257.30883574520664 0.7455375190183829
257.71532679693684 0.7449772624689045
258.12181784866704 0.7444170059191482
258.52830890039723 0.7438567493691135
258.9347999521274 0.7432964928187993
259.3412910038576 0.7427362362682053
259.7477820555878 0.7421759797173306
260.154273107318 0.7416157231661753
260.5607641590481 0.7410554666147379
260.9672552107783 0.7404952100630182
261.3737462625085 0.7399349535110153
261.78023731423866 0.739374696958729
262.18672836596886 0.7388144404061581
262.59321941769906 0.7382541838533022
262.99971046942926 0.7376939273001608
263.4062015211594 0.7371336707467331
263.8126925728896 0.7365734141930185
264.2191836246198 0.736013157639016
264.62567467635 0.7354529010847254
265.03216572808014 0.7348926445301459
265.43865677981034 0.7343323879752769
265.84514783154054 0.7337721314201175
266.2516388832707 0.7332118748646674
266.6581299350009 0.7326516183089257
267.0646209867311 0.7320913617528917
267.4711120384613 0.7315311051965648
267.8776030901914 0.7309708486399445
268.2840941419216 0.7304105920830295
268.6905851936518 0.7298503355258199
269.097076245382 0.7292900789683145
269.50356729711217 0.7287298224105131
269.91005834884237 0.7281695658524144
270.31654940057257 0.7276093092940182
270.7230404523027 0.7270490527353237
271.1295315040329 0.72648879617633
271.5360225557631 0.7259285396170366
271.9425136074933 0.7253682830574428
272.34900465922345 0.724808026497548
272.75549571095365 0.7242477699373513
273.16198676268385 0.7236875133768517
273.56847781441405 0.7231272568160494
273.9749688661442 0.7225670002549428
274.3814599178744 0.7220067436935317
274.7879509696046 0.7214464871318151
275.1944420213348 0.7208862305697925
275.60093307306494 0.7203259740074632
276.00742412479514 0.7197657174448263
276.41391517652534 0.7192054608818813
276.8204062282555 0.7186452043186276
277.2268972799857 0.7180849477550638
277.6333883317159 0.7175246911911897
278.0398793834461 0.7169644346270047
278.4463704351762 0.7164041780625076
278.8528614869064 0.7158439214976982
279.2593525386366 0.7152836649325752
279.6658435903668 0.7147234083671382
280.07233464209696 0.7141631518013866
280.47882569382716 0.7136028952353192
280.88531674555736 0.7130426386689358
281.2918077972875 0.7124823821022354
281.6982988490177 0.7119221255352169
282.1047899007479 0.7113618689678799
282.5112809524781 0.710801612400224
282.91777200420825 0.7102413558322479
283.32426305593845 0.709681099263951
283.73075410766864 0.7091208426953326
284.13724515939884 0.7085605861263917
284.543736211129 0.7080003295571279
284.9502272628592 0.7074400729875402
285.3567183145894 0.706879816417628
285.7632093663196 0.7063195598473904
286.16970041804973 0.7057593032768267
286.5761914697799 0.7051990467059359
286.9826825215101 0.7046387901347174
287.38917357324027 0.7040785335631706
287.79566462497047 0.7035182769912942
288.20215567670067 0.7029580204190881
288.60864672843087 0.702397763846551
289.015137780161 0.7018375072736823
289.4216288318912 0.7012772507004809
289.8281198836214 0.7007169941269462
290.2346109353516 0.7001567375530778
290.64110198708175 0.6995964809788745
291.04759303881195 0.6990362244043354
291.45408409054215 0.6984759678294599
291.8605751422723 0.6979157112542471
292.2670661940025 0.6973554546786963
292.6735572457327 0.6967951981028067
293.0800482974629 0.6962349415265772
293.48653934919304 0.6956746849500073
293.89303040092324 0.6951144283730958
294.29952145265344 0.6945541717958424
294.70601250438364 0.693993915218246
295.1125035561138 0.6934336586403057
295.518994607844 0.6928734020620205
295.9254856595742 0.69231314548339
296.3319767113044 0.691752888904413
296.7384677630345 0.6911926323250891
297.1449588147647 0.6906323757454169
297.5514498664949 0.6900721191653958
297.95794091822506 0.6895118625850252
298.36443196995526 0.6889516060043037
298.77092302168546 0.6883913494232309
299.17741407341566 0.6878310928418059
299.5839051251458 0.6872708362600275
299.990396176876 0.6867105796778952
300.3968872286062 0.6861503230954081
300.8033782803364 0.6855900665125649
301.20986933206655 0.6850298099293655
301.61636038379675 0.6844695533458083
302.02285143552695 0.6839092967618927
302.4293424872571 0.6833490401776179
302.8358335389873 0.6827887835929828
303.2423245907175 0.682228527007987
303.6488156424477 0.6816682704226289
304.05530669417783 0.6811080138369082
304.46179774590803 0.6805477572508235
304.86828879763823 0.6799875006643742
305.27477984936843 0.6794272440775596
305.68127090109857 0.6788669874903785
306.08776195282877 0.67830673090283
306.49425300455897 0.6777464743149134
306.90074405628917 0.6771862177266273
307.3072351080193 0.6766259611379716
307.7137261597495 0.6760657045489445
308.1202172114797 0.6755054479595456
308.52670826320985 0.6749451913697737
308.93319931494005 0.6743849347796284
309.33969036667025 0.673824678189108
309.74618141840045 0.6732644215982121
310.1526724701306 0.6727041650069396
310.5591635218608 0.6721439084152896
310.965654573591 0.6715836518232611
311.3721456253212 0.6710233952308532
311.77863667705134 0.6704631386380648
312.18512772878154 0.6699028820448952
312.59161878051174 0.6693426254513433
312.9981098322419 0.6687823688574079
313.4046008839721 0.6682221122630885
313.8110919357023 0.6676618556683841
314.2175829874325 0.6671015990732931
314.6240740391626 0.6665413424778156
315.0305650908928 0.6659810858819495
315.437056142623 0.6654208292856945
315.8435471943532 0.6648605726890493
316.25003824608336 0.6643003160920133
316.65652929781356 0.663740059494585
317.06302034954376 0.6631798028967636
317.4695114012739 0.6626195462985485
317.8760024530041 0.6620592896999382
318.2824935047343 0.6614990331009318
318.6889845564645 0.6609387765015287
319.09547560819465 0.6603785199017272
319.50196665992485 0.6598182633015266
319.90845771165505 0.6592580067009259
320.31494876338525 0.6586977500999243
320.7214398151154 0.6581374934985206
321.1279308668456 0.6575772368967137
321.5344219185758 0.6570169802945023
321.940912970306 0.656456723691886
322.34740402203613 0.6558964670888634
322.75389507376633 0.6553362104854336
323.16038612549653 0.6547759538815952
323.5668771772267 0.6542156972773476
323.9733682289569 0.6536554406726893
324.37985928068707 0.6530951840676197
324.78635033241727 0.6525349274621375
325.1928413841474 0.6519746708562417
325.5993324358776 0.6514144142499312
326.0058234876078 0.6508541576432048
326.412314539338 0.6502939010360618
326.81880559106816 0.6497336444285006
327.22529664279836 0.6491733878205206
327.63178769452855 0.6486131312121204
328.0382787462587 0.6480528746032993
328.4447697979889 0.6474926179940554
328.8512608497191 0.6469323613843886
329.2577519014493 0.6463721047742971
329.66424295317944 0.64581184816378
330.07073400490964 0.6452515915528364
330.47722505663984 0.6446913349414648
330.88371610837004 0.6441310783296643
331.2902071601002 0.6435708217174341
331.6966982118304 0.6430105651047723
332.1031892635606 0.6424503084916783
332.5096803152908 0.6418900518781511
332.9161713670209 0.6413297952641894
333.3226624187511 0.640769538649792
333.7291534704813 0.6402092820349575
334.13564452221146 0.6396490254196852
334.54213557394166 0.6390887688039739
334.94862662567186 0.638528512187822
335.35511767740206 0.6379682555712285
335.7616087291322 0.6374079989541928
336.1680997808624 0.6368477423367132
336.5745908325926 0.6362874857187887
336.9810818843228 0.6357272291004178
337.38757293605295 0.6351669724815998
337.79406398778315 0.6346067158623334
338.20055503951335 0.6340464592426173
338.6070460912435 0.6334862026224501
339.0135371429737 0.632925946001831
339.4200281947039 0.6323656893807585
339.8265192464341 0.6318054327592316
340.23301029816423 0.6312451761372492
340.63950134989443 0.6306849195148095
341.04599240162463 0.630124662891912
341.45248345335483 0.6295644062685549
341.858974505085 0.6290041496447374
342.2654655568152 0.6284438930204581
342.6719566085454 0.6278836363957156
343.0784476602756 0.6273233797705089
343.4849387120057 0.626763123144837
343.8914297637359 0.6262028665186979
344.2979208154661 0.6256426098920909
344.70441186719626 0.6250823532650145
345.11090291892646 0.6245220966374677
345.51739397065666 0.623961840009449
345.92388502238686 0.6234015833809571
346.330376074117 0.6228413267519912
346.7368671258472 0.6222810701225492
347.1433581775774 0.6217208134926305
347.5498492293076 0.6211605568622335
347.95634028103774 0.620600300231357
348.36283133276794 0.6200400435999998
348.76932238449814 0.6194797869681603
349.1758134362283 0.6189195303358375
349.5823044879585 0.6183592737030299
349.9887955396887 0.6177990170697362
350.3952865914189 0.6172387604359553
350.801777643149 0.6166785038016854
351.2082686948792 0.6161182471669256
351.6147597466094 0.6155579905316743
352.0212507983396 0.6149977338959305
352.42774185006976 0.6144374772596923
352.83423290179996 0.6138772206229588
353.24072395353016 0.6133169639857284
353.64721500526036 0.612756707348
354.0537060569905 0.6121964507097721
354.4601971087207 0.6116361940710433
354.8666881604509 0.6110759374318121
355.27317921218105 0.6105156807920774
355.67967026391125 0.6099554241518376
356.08616131564145 0.6093951675110914
356.49265236737165 0.6088349108698372
356.8991434191018 0.6082746542280738
357.305634470832 0.6077143975858001
357.7121255225622 0.6071541409430137
358.1186165742924 0.6065938842997144
358.52510762602253 0.6060336276558999
358.93159867775273 0.6054733710115693
359.33808972948293 0.6049131143667208
359.7445807812131 0.6043528577213532
360.1510718329433 0.6037926010754647
360.5575628846735 0.6032323444290543
360.9640539364037 0.6026720877821203
361.3705449881338 0.6021118311346613
361.777036039864 0.6015515744866757
362.1835270915942 0.6009913178381623
362.5900181433244 0.6004310611891194
362.99650919505456 0.5998708045395456
363.40300024678476 0.5993105478894393
363.80949129851496 0.598750291238799
364.2159823502451 0.5981900345876237
364.6224734019753 0.5976297779359111
365.0289644537055 0.5970695212836602
365.4354555054357 0.5965092646308695
365.84194655716584 0.5959490079775372
366.24843760889604 0.5953887513236619
366.65492866062624 0.5948284946692421
367.06141971235644 0.5942682380142764
367.4679107640866 0.593707981358763
367.8744018158168 0.5931477247027003
368.280892867547 0.592587468046087
368.6873839192772 0.5920272113889212
369.0938749710073 0.591466954731202
369.5003660227375 0.5909066980729271
369.9068570744677 0.590346441414095
370.31334812619787 0.5897861847547047
370.71983917792807 0.589225928094754
371.12633022965827 0.5886656714342415
371.53282128138846 0.5881054147731656
371.9393123331186 0.587545158111525
372.3458033848488 0.5869849014493174
372.752294436579 0.5864246447865415
373.1587854883092 0.5858643881231963
373.56527654003935 0.5853041314592791
373.97176759176955 0.5847438747947888
374.37825864349975 0.5841836181297239
374.7847496952299 0.5836233614640823
375.1912407469601 0.5830631047978626
375.5977317986903 0.5825028481310632
376.0042228504205 0.5819425914636823
376.41071390215063 0.5813823347957184
376.81720495388083 0.5808220781271697
377.22369600561103 0.5802618214580343
377.63018705734123 0.5797015647883107
378.0366781090714 0.5791413081179972
378.4431691608016 0.578581051447092
378.8496602125318 0.5780207947755936
379.256151264262 0.5774605381035
379.6626423159921 0.5769002814308095
380.0691333677223 0.5763400247575206
380.4756244194525 0.5757797680836311
380.88211547118266 0.5752195114091398
381.28860652291286 0.5746592547340446
381.69509757464306 0.5740989980583437
382.10158862637326 0.5735387413820356
382.5080796781034 0.5729784847051185
382.9145707298336 0.5724182280275899
383.3210617815638 0.5718579713494489
383.727552833294 0.5712977146706933
384.13404388502414 0.5707374579913217
384.54053493675434 0.5701772013113315
384.94702598848454 0.5696169446307214
385.3535170402147 0.5690566879494896
385.7600080919449 0.5684964312676342
386.1664991436751 0.567936174585153
386.5729901954053 0.5673759179020447
386.9794812471354 0.5668156612183071
387.3859722988656 0.5662554045339382
387.7924633505958 0.5656951478489367
388.198954402326 0.5651348911633002
388.60544545405617 0.564574634477027
389.01193650578637 0.5640143777901151
389.41842755751657 0.5634541211025627
389.82491860924677 0.5628938644143681
390.2314096609769 0.5623336077255288
390.6379007127071 0.5617733510360433
391.0443917644373 0.5612130943459095
391.45088281616745 0.5606528376551256
391.85737386789765 0.5600925809636896
392.26386491962785 0.5595323242715996
392.67035597135805 0.5589720675788535
393.0768470230882 0.5584118108854493
393.4833380748184 0.5578515541913852
393.8898291265486 0.557291297496659
394.2963201782788 0.5567310408012688
394.70281123000893 0.5561707841052126
395.10930228173913 0.5556105274084884
395.51579333346933 0.5550502707110943
395.9222843851995 0.554490014013028
396.3287754369297 0.5539297573142875
396.7352664886599 0.553369500614871
397.1417575403901 0.552809243914776
397.5482485921202 0.5522489872140012
397.9547396438504 0.5516887305125439
398.3612306955806 0.5511284738104019
398.7677217473108 0.5505682171075735
399.17421279904096 0.5500079604040568
399.58070385077116 0.5494477036998491
399.98719490250136 0.5488874469949484
400.39368595423156 0.548327190289353
400.8001770059617 0.5477669335830606
401.2066680576919 0.5472066768760688
401.6131591094221 0.5466464201683756
402.01965016115224 0.546086163459979
402.42614121288244 0.5455259067508763
402.83263226461264 0.544965650041066
403.23912331634284 0.5444053933305457
403.645614368073 0.5438451366193131
404.0521054198032 0.543284879907366
404.4585964715334 0.542724623194702
404.8650875232636 0.5421643664813194
405.2715785749937 0.5416041097672156
405.6780696267239 0.5410438530523884
406.0845606784541 0.5404835963368354
406.49105173018427 0.5399233396205547
406.89754278191447 0.539363082903544
407.30403383364467 0.5388028261858006
407.71052488537487 0.5382425694673224
408.117015937105 0.5376823127481076
408.5235069888352 0.5371220560281531
408.9299980405654 0.5365617993074572
409.3364890922956 0.5360015425860171
409.74298014402575 0.535441285863831
410.14947119575595 0.5348810291408962
410.55596224748615 0.5343207724172102
410.96245329921635 0.5337605156927708
411.3689443509465 0.5332002589675762
411.7754354026767 0.5326400022416231
412.1819264544069 0.5320797455149093
412.58841750613703 0.5315194887874329
412.99490855786723 0.530959232059191
413.40139960959743 0.5303989753301813
413.80789066132763 0.5298387186004015
414.2143817130578 0.5292784618698493
414.620872764788 0.5287182051385217
415.0273638165182 0.5281579484064167
415.4338548682484 0.5275976916735317
415.8403459199785 0.527037434939864
416.2468369717087 0.5264771782054113
416.6533280234389 0.5259169214701711
417.05981907516906 0.5253566647341408
417.46631012689926 0.524796407997318
417.87280117862946 0.5242361512597
418.27929223035966 0.5236758945212843
418.6857832820898 0.5231156377820686
419.09227433382 0.5225553810420498
419.4987653855502 0.5219951243012256
419.9052564372804 0.5214348675595937
420.31174748901054 0.5208746108171509
420.71823854074074 0.5203143540738951
421.12472959247094 0.5197540973298236
421.5312206442011 0.5191938405849331
421.9377116959313 0.5186335838392219
422.3442027476615 0.5180733270926867
422.7506937993917 0.5175130703453251
423.1571848511218 0.5169528135971343
423.563675902852 0.5163925568481117
423.9701669545822 0.5158323000982544
424.3766580063124 0.5152720433475599
424.78314905804257 0.5147117865960256
425.18964010977277 0.5141515298436481
425.59613116150297 0.5135912730904253
426.00262221323317 0.513031016336354
426.4091132649633 0.5124707595814318
426.8156043166935 0.5119105028256556
427.2220953684237 0.5113502460690229
427.62858642015385 0.5107899893115305
428.03507747188405 0.5102297325531759
428.44156852361425 0.5096694757939558
428.84805957534445 0.5091092190338681
429.2545506270746 0.5085489622729094
429.6610416788048 0.5079887055110768
430.067532730535 0.5074284487483673
430.4740237822652 0.5068681919847785
430.88051483399533 0.5063079352203073
431.28700588572553 0.5057476784549504
431.69349693745573 0.5051874216887053
432.0999879891859 0.504627164921569
432.5064790409161 0.504066908153538
432.9129700926463 0.5035066513846098
433.3194611443765 0.5029463946147815
433.7259521961066 0.5023861378440496
434.1324432478368 0.5018258810724116
434.538934299567 0.5012656242998643
434.9454253512972 0.5007053675264043
435.35191640302736 0.500145110752029
435.75840745475756 0.4995848539767349
436.16489850648776 0.49902459720051934
436.57138955821796 0.49846434042337895
436.9778806099481 0.4979040836453107
437.3843716616783 0.49734382686631157
437.7908627134085 0.49678357008637786
438.19735376513864 0.49622331330550706
438.60384481686884 0.4956630565236958
439.01033586859904 0.49510279974094074
439.41682692032924 0.49454254295723865
439.8233179720594 0.49398228617258655
440.2298090237896 0.49342202938698104
440.6363000755198 0.4928617726004188
441.04279112725 0.4923015158128967
441.4492821789801 0.4917412590244115
441.8557732307103 0.4911810022349598
442.2622642824405 0.4906207454445383
442.66875533417067 0.49006048865314383
443.07524638590087 0.4895002318607728
443.48173743763107 0.4889399750674219
443.88822848936127 0.48837971827308785
444.2947195410914 0.4878194614777672
444.7012105928216 0.48725920468145667
445.1077016445518 0.48669894788415263
445.514192696282 0.48613869108585184
445.92068374801215 0.4855784342865508
446.32717479974235 0.4850181774862459
446.73366585147255 0.4844579206849338
447.14015690320275 0.483897663882611
447.5466479549329 0.4833374070792742
447.9531390066631 0.48277715027491935
448.3596300583933 0.4822168934695434
448.76612111012344 0.4816566366631424
449.17261216185364 0.48109637985571296
449.57910321358383 0.4805361230472516
449.98559426531403 0.4799758662377544
450.3920853170442 0.4794156094272181
450.7985763687744 0.4788553526156387
451.2050674205046 0.47829509580301266
451.6115584722348 0.47773483898933644
452.0180495239649 0.4771745821746063
452.4245405756951 0.4766143253588183
452.8310316274253 0.47605406854196874
453.23752267915546 0.4754938117240543
453.64401373088566 0.4749335549050708
454.05050478261586 0.4743732980850144
454.45699583434606 0.4738130412638814
454.8634868860762 0.47325278444166824
455.2699779378064 0.4726925276183709
455.6764689895366 0.47213227079398523
456.0829600412668 0.47157201396850784
456.48945109299694 0.4710117571419346
456.89594214472714 0.4704515003142614
457.30243319645734 0.46989124348548467
457.70892424818754 0.4693309866556001
458.1154152999177 0.46877072982460405
458.5219063516479 0.46821047299249235
458.9283974033781 0.4676502161592609
459.3348884551082 0.4670899593249061
459.7413795068384 0.4665297024894234
460.1478705585686 0.46596944565280896
460.5543616102988 0.4654091888150586
460.96085266202897 0.46484893197616833
461.36734371375917 0.464288675136134
461.77383476548937 0.4637284182949513
462.18032581721957 0.4631681614526164
462.5868168689497 0.4626079046091249
462.9933079206799 0.46204764776447244
463.3997989724101 0.46148739091865504
463.80629002414025 0.46092713407166835
464.21278107587045 0.4603668772235082
464.61927212760065 0.45980662037417014
465.02576317933085 0.45924636352365
465.432254231061 0.45868610667194337
465.8387452827912 0.4581258498190458
466.2452363345214 0.4575655929649532
466.6517273862516 0.457005336109661
467.05821843798174 0.45644507925316474
467.46470948971194 0.45588482239545997
467.87120054144214 0.45532456553654227
468.27769159317234 0.4547643086764074
468.6841826449025 0.45420405181505047
469.0906736966327 0.4536437949524672
469.4971647483629 0.453083538088653
469.903655800093 0.4525232812236032
470.3101468518232 0.4519630243573132
470.7166379035534 0.45140276748977837
471.1231289552836 0.45084251062099423
471.52962000701376 0.45028225375095626
471.93611105874396 0.4497219968796594
472.34260211047416 0.44916174000709885
472.74909316220436 0.44860148313327036
473.1555842139345 0.44804122625816895
473.5620752656647 0.4474809693817898
473.9685663173949 0.44692071250412796
474.37505736912505 0.4463604556251789
474.78154842085524 0.4458001987449376
475.18803947258544 0.4452399418633992
475.59453052431564 0.4446796849805587
476.0010215760458 0.44411942809641153
476.407512627776 0.4435591712109523
476.8140036795062 0.44299891432417626
477.2204947312364 0.4424386574360783
477.6269857829665 0.4418784005466536
478.0334768346967 0.4413181436558969
478.4399678864269 0.44075788676380323
478.84645893815707 0.44019762987036737
479.25294998988727 0.4396373729755844
479.65944104161747 0.4390771160794488
480.06593209334767 0.4385168591819559
480.4724231450778 0.4379566022831002
480.878914196808 0.4373963453828762
481.2854052485382 0.4368360884812792
481.6918963002684 0.4362758315783033
482.09838735199855 0.4357155746739438
482.50487840372875 0.43515531776819494
482.91136945545895 0.43459506086105143
483.31786050718915 0.4340348039525079
483.7243515589193 0.433474547042559
484.1308426106495 0.4329142901311992
484.5373336623797 0.4323540332184228
484.94382471410984 0.4317937763042247
485.35031576584004 0.4312335193885992
485.75680681757024 0.43067326247154053
486.16329786930044 0.43011300555304327
486.5697889210306 0.4295527486331019
486.9762799727608 0.42899249171171056
487.382771024491 0.4284322347888636
487.7892620762212 0.4278719778645554
488.1957531279513 0.4273117209387802
488.6022441796815 0.4267514640115321
489.0087352314117 0.4261912070828053
489.41522628314186 0.4256309501525941
489.82171733487206 0.4250706932208925
490.22820838660226 0.42451043628769475
490.63469943833246 0.4239501793529948
491.0411904900626 0.4233899224167868
491.4476815417928 0.4228296654790645
491.854172593523 0.42226940853982203
492.2606636452532 0.42170915159905337
492.66715469698335 0.4211488946567526
493.07364574871355 0.42058863771291327
493.48013680044374 0.42002838076752924
493.88662785217394 0.41946812382059445
494.2931189039041 0.41890786687210296
494.6996099556343 0.41834760992204795
495.1061010073645 0.4177873529704233
495.51259205909463 0.417227096017223
495.91908311082483 0.41666683906244045
496.32557416255503 0.4161065821060694
496.7320652142852 0.41554632514810314
497.13855626601537 0.4149860681885354
497.54504731774557 0.4144258112273598
497.95153836947577 0.4138655542645695
498.35802942120597 0.41330529730015825
498.7645204729361 0.41274504033411935
499.1710115246663 0.4121847833664461
499.5775025763965 0.4116245263971318
499.98399362812665 0.4110642694261698
500.39048467985685 0.4105040124535534
500.79697573158705 0.4099437554792758
501.20346678331725 0.40938349850333
501.6099578350474 0.4088232415257096
502.0164488867776 0.4082629845464072
502.4229399385078 0.4077027275654161
502.829430990238 0.4071424705827291
503.23592204196814 0.4065822135983396
503.64241309369834 0.4060219566122403
504.04890414542854 0.4054616996244241
504.45539519715874 0.4049014426348839
504.8618862488889 0.40434118564361266
505.2683773006191 0.40378092865060305
505.6748683523493 0.40322067165584785
506.0813594040794 0.4026604146593398
506.4878504558096 0.40210015766107154
506.8943415075398 0.4015399006610356
507.30083255927 0.4009796436592248
507.70732361100016 0.4004193866556316
508.11381466273036 0.39985912965024845
508.52030571446056 0.3992988726430677
508.92679676619076 0.39873861563408214
509.3332878179209 0.39817835862328377
509.7397788696511 0.39761810161066513
510.1462699213813 0.39705784459621857
510.55276097311145 0.39649758757993614
510.95925202484165 0.3959373305618102
511.36574307657185 0.3953770735418328
511.77223412830205 0.3948168165199962
512.1787251800322 0.3942565594962925
512.5852162317624 0.3936963024707136
512.9917072834926 0.3931360454432513
513.3981983352228 0.3925757884138979
513.804689386953 0.39201553138264533
514.2111804386832 0.39145527434948496
514.6176714904133 0.390895017314409
515.0241625421435 0.3903347602774091
515.4306535938737 0.38977450323847684
515.8371446456039 0.38921424619760414
516.2436356973341 0.3886539891547823
516.6501267490643 0.3880937321100031
517.0566178007945 0.387533475063258
517.4631088525246 0.3869732180145385
517.8695999042548 0.3864129609638359
518.276090955985 0.3858527039111416
518.6825820077152 0.38529244685644687
519.0890730594454 0.3847321897997432
519.4955641111756 0.3841719327410215
519.9020551629058 0.38361167568027305
520.308546214636 0.38305141861748904
520.715037266366 0.38249116155266066
521.1215283180962 0.3819309044857784
521.5280193698264 0.3813706474168335
521.9345104215566 0.3808103903458171
522.3410014732868 0.3802501332727198
522.747492525017 0.3796898761975323
523.1539835767472 0.37912961912024534
523.5604746284773 0.37856936204085007
523.9669656802075 0.37800910495933654
524.3734567319377 0.3774488478756955
524.7799477836679 0.3768885907899175
525.1864388353981 0.3763283337019931
525.5929298871283 0.37576807661191247
525.9994209388585 0.3752078195196661
526.4059119905886 0.37464756242524433
526.8124030423188 0.3740873053286372
527.218894094049 0.37352704822983507
527.6253851457792 0.3729667911288278
528.0318761975094 0.3724065340256058
528.4383672492396 0.37184627692015865
528.8448583009698 0.3712860198124768
529.2513493527 0.37072576270254953
529.6578404044301 0.3701655055903672
530.0643314561603 0.369605248475919
530.4708225078905 0.3690449913591951
530.8773135596207 0.36848473424018474
531.2838046113509 0.3679244771188777
531.6902956630811 0.3673642199952635
532.0967867148113 0.3668039628693315
532.5032777665414 0.366243705741071
532.9097688182716 0.36568344861047136
533.3162598700018 0.3651231914775217
533.722750921732 0.3645629343422114
534.1292419734622 0.3640026772045294
534.5357330251924 0.3634424200644648
534.9422240769226 0.3628821629220066
535.3487151286528 0.36232190577714357
535.7552061803829 0.3617616486298648
536.161697232113 0.3612013914801588
536.5681882838433 0.36064113432801415
536.9746793355735 0.3600808771734198
537.3811703873037 0.35952062001636403
537.7876614390339 0.3589603628568356
538.194152490764 0.35840010569482256
538.6006435424941 0.3578398485303137
539.0071345942243 0.35727959136329684
539.4136256459545 0.35671933419376034
539.8201166976847 0.35615907702169225
540.2266077494149 0.3555988198470807
540.6330988011451 0.3550385626699136
541.0395898528753 0.3544783054901788
541.4460809046054 0.3539180483078643
541.8525719563356 0.35335779112295757
542.2590630080658 0.35279753393544633
542.665554059796 0.3522372767453183
543.0720451115262 0.3516770195525608
543.4785361632564 0.35111676235716127
543.8850272149866 0.350556505159107
544.2915182667168 0.34999624795838546
544.6980093184469 0.3494359907549839
545.1045003701771 0.3488757335488889
545.5109914219073 0.34831547634008797
545.9174824736375 0.34775521912856766
546.3239735253677 0.34719496191431504
546.7304645770979 0.34663470469731683
547.1369556288281 0.3460744474775596
547.5434466805582 0.3455141902550301
547.9499377322884 0.3449539330297148
548.3564287840186 0.3443936758015998
548.7629198357488 0.3438334185706717
549.169410887479 0.34327316133691665
549.5759019392092 0.34271290410032085
549.9823929909394 0.3421526468608703
550.3888840426696 0.3415923896185509
550.7953750943997 0.3410321323733488
551.2018661461299 0.3404718751252494
551.6083571978601 0.33991161787423846
552.0148482495903 0.33935136062030163
552.4213393013205 0.3387911033634243
552.8278303530507 0.33823084610359205
553.2343214047809 0.33767058884079004
553.640812456511 0.33711033157500364
554.0473035082412 0.33655007430621753
554.4537945599714 0.3359898170344171
554.8602856117016 0.33542955975958716
555.2667766634318 0.3348693024817124
555.673267715162 0.3343090452007776
556.0797587668922 0.33374878791676726
556.4862498186224 0.3331885306296661
556.8927408703524 0.3326282733394583
557.2992319220826 0.3320680160461281
557.7057229738128 0.3315077587496598
558.112214025543 0.33094750145003754
558.5187050772732 0.33038724414724485
558.9251961290034 0.3298269868412661
559.3316871807336 0.32926672953208475
559.7381782324637 0.32870647221968463
560.1446692841939 0.328146214904049
560.5511603359241 0.32758595758516124
560.9576513876543 0.32702570026300487
561.3641424393845 0.3264654429375629
561.7706334911147 0.32590518560881854
562.1771245428449 0.3253449282767546
562.583615594575 0.3247846709413541
562.9901066463052 0.3242244136025994
563.3965976980354 0.32366415626047323
563.8030887497656 0.32310389891495817
564.2095798014958 0.32254364156603643
564.616070853226 0.3219833842136903
565.0225619049562 0.3214231268579019
565.4290529566864 0.3208628694986531
565.8355440084165 0.320302612135926
566.2420350601467 0.319742354769702
566.6485261118769 0.3191820973999627
567.0550171636071 0.31862184002668975
567.4615082153373 0.3180615826498644
567.8679992670675 0.3175013252694679
568.2744903187977 0.31694106788548115
568.6809813705278 0.31638081049788536
569.087472422258 0.3158205531066611
569.4939634739882 0.3152602957117889
569.9004545257184 0.3147000383132495
570.3069455774486 0.3141397809110234
570.7134366291788 0.31357952350509055
571.119927680909 0.3130192660954311
571.5264187326392 0.31245900868202525
571.9329097843693 0.3118987512648527
572.3394008360995 0.31133849384389306
572.7458918878297 0.31077823641912583
573.1523829395599 0.3102179789905302
573.55887399129 0.3096577215580859
573.9653650430203 0.3090974641217715
574.3718560947505 0.3085372066815663
574.7783471464805 0.30797694923744895
575.1848381982107 0.30741669178939784
575.5913292499409 0.3068564343373916
575.9978203016711 0.3062961768814085
576.4043113534013 0.3057359194214267
576.8108024051315 0.30517566195742435
577.2172934568617 0.30461540448937896
577.6237845085918 0.30405514701726855
578.030275560322 0.3034948895410702
578.4367666120522 0.3029346320607613
578.8432576637824 0.3023743745763193
579.2497487155126 0.30181411708772093
579.6562397672428 0.3012538595949432
580.062730818973 0.3006936020979625
580.4692218707032 0.3001333445967555
580.8757129224333 0.2995730870912986
581.2822039741635 0.2990128295815675
581.6886950258937 0.2984525720675384
582.0951860776239 0.297892314549187
582.5016771293541 0.29733205702648896
582.9081681810843 0.29677179949941956
583.3146592328145 0.296211541967954
583.7211502845446 0.2956512844320674
584.1276413362748 0.29509102689173455
584.534132388005 0.29453076934692995
584.9406234397352 0.2939705117976282
585.3471144914654 0.2934102542438033
585.7536055431956 0.2928499966854295
586.1600965949258 0.29228973912248074
586.566587646656 0.2917294815549304
586.9730786983861 0.2911692239827523
587.3795697501163 0.29060896640591927
587.7860608018465 0.29004870882440437
588.1925518535767 0.28948845123818073
588.5990429053069 0.28892819364722067
589.0055339570371 0.28836793605149663
589.4120250087673 0.28780767845098104
589.8185160604974 0.28724742084564564
590.2250071122276 0.2866871632354623
590.6314981639578 0.28612690562040227
591.037989215688 0.2855666480004372
591.4444802674182 0.28500639037553777
591.8509713191484 0.2844461327456754
592.2574623708786 0.28388587511082014
592.6639534226088 0.28332561747094276
593.0704444743388 0.28276535982601325
593.476935526069 0.28220510217600153
593.8834265777992 0.28164484452087735
594.2899176295294 0.28108458686060994
594.6964086812596 0.2805243291951687
595.1028997329898 0.27996407152452235
595.50939078472 0.27940381384864
595.9158818364501 0.27884355616748985
596.3223728881803 0.2782832984810399
596.7288639399105 0.27772304078925825
597.1353549916407 0.2771627830921126
597.5418460433709 0.2766025253895703
597.9483370951011 0.27604226768159856
598.3548281468313 0.27548200996816424
598.7613191985614 0.274921752249234
599.1678102502916 0.27436149452477404
599.5743013020218 0.27380123679475044
599.980792353752 0.27324097905912903
600.3872834054822 0.2726807213178754
600.7937744572124 0.27212046357095454
601.2002655089426 0.2715602058183315
601.6067565606728 0.270999948059971
602.0132476124029 0.27043969029583753
602.4197386641331 0.26987943252589475
602.8262297158633 0.2693191747501065
603.2327207675935 0.26875891696843646
603.6392118193237 0.2681986591808475
604.0457028710539 0.2676384013873026
604.4521939227841 0.26707814358776427
604.8586849745142 0.266517885782195
605.2651760262444 0.2659576279705561
605.6716670779746 0.26539737015280956
606.0781581297048 0.26483711232891644
606.484649181435 0.26427685449883764
606.8911402331652 0.26371659666253394
607.2976312848954 0.2631563388199655
607.7041223366256 0.2625960809710921
608.1106133883557 0.26203582311587353
608.5171044400859 0.26147556525426874
608.9235954918161 0.26091530738623675
609.3300865435463 0.26035504951173605
609.7365775952765 0.2597947916307248
610.1430686470067 0.2592345337431608
610.5495596987369 0.2586742758490014
610.9560507504669 0.25811401794820393
611.3625418021971 0.2575537600407248
611.7690328539273 0.2569935021265204
612.1755239056575 0.2564332442055466
612.5820149573877 0.2558729862777589
612.9885060091179 0.2553127283431127
613.3949970608481 0.25475247040156246
613.8014881125783 0.2541922124530628
614.2079791643084 0.2536319544975676
614.6144702160386 0.2530716965350302
615.0209612677688 0.252511438565404
615.427452319499 0.25195118058864147
615.8339433712292 0.2513909226046951
616.2404344229594 0.25083066461351666
616.6469254746896 0.25027040661505773
617.0534165264197 0.24971014860926924
617.4599075781499 0.24914989059610165
617.8663986298801 0.24858963257550518
618.2728896816103 0.24802937454742938
618.6793807333405 0.24746911651182357
619.0858717850707 0.2469088584686363
619.4923628368009 0.24634860041781625
619.898853888531 0.2457883423593111
620.3053449402612 0.24522808429306786
620.7118359919914 0.24466782621903377
621.1183270437216 0.24410756813715487
621.5248180954518 0.24354731004737726
621.931309147182 0.24298705194964626
622.3378001989122 0.24242679384390664
622.7442912506424 0.24186653573010286
623.1507823023725 0.241306277608179
623.5572733541027 0.240746019478078
623.9637644058329 0.24018576133974254
624.3702554575631 0.23962550319311524
624.7767465092933 0.23906524503813756
625.1832375610235 0.23850498687475083
625.5897286127537 0.2379447287028956
625.9962196644838 0.2373844705225121
626.402710716214 0.23682421233353942
626.8092017679442 0.23626395413591675
627.2156928196744 0.2357036959295823
627.6221838714046 0.23514343771447385
628.0286749231348 0.23458317949052854
628.435165974865 0.23402292125768295
628.8416570265952 0.23346266301587293
629.2481480783252 0.23290240476503407
629.6546391300554 0.23234214650510066
630.0611301817856 0.23178188823600698
630.4676212335158 0.23122162995768641
630.874112285246 0.23066137167007172
631.2806033369762 0.23010111337309508
631.6870943887064 0.22954085506668787
632.0935854404365 0.22898059675078117
632.5000764921667 0.22842033842530463
632.9065675438969 0.22786008009018788
633.3130585956271 0.22729982174535973
633.7195496473573 0.22673956339074808
634.1260406990875 0.22617930502628034
634.5325317508177 0.22561904665188298
634.9390228025478 0.2250587882674821
635.345513854278 0.22449852987300253
635.7520049060082 0.22393827146836878
636.1584959577384 0.22337801305350435
636.5649870094686 0.2228177546283322
636.9714780611988 0.2222574961927743
637.377969112929 0.22169723774675207
637.7844601646592 0.22113697929018583
638.1909512163893 0.2205767208229955
638.5974422681195 0.22001646234509958
639.0039333198497 0.21945620385641623
639.4104243715799 0.21889594535686274
639.8169154233101 0.21833568684635535
640.2234064750403 0.21777542832480953
640.6298975267705 0.2172151697921399
641.0363885785006 0.2166549112482604
641.4428796302308 0.21609465269308342
641.849370681961 0.2155343941265211
642.2558617336912 0.2149741355484844
642.6623527854214 0.2144138769588835
643.0688438371516 0.21385361835762742
643.4753348888818 0.2132933597446243
643.881825940612 0.21273310111978141
644.2883169923421 0.2121728424830052
644.6948080440723 0.2116125838342005
645.1012990958025 0.2110523251732717
645.5077901475327 0.21049206650012198
645.9142811992629 0.20993180781465356
646.3207722509931 0.2093715491167676
646.7272633027233 0.2088112904063641
647.1337543544533 0.20825103168334222
647.5402454061835 0.20769077294759958
647.9467364579137 0.20713051419903303
648.353227509644 0.20657025543753843
648.7597185613741 0.20600999666301012
649.1662096131043 0.20544973787534163
649.5727006648345 0.20488947907442515
649.9791917165647 0.20432922026015177
650.3856827682948 0.2037689614324114
650.792173820025 0.2032087025910923
651.1986648717552 0.20264844373608226
651.6051559234854 0.20208818486726726
652.0116469752156 0.20152792598453229
652.4181380269458 0.20096766708776082
652.824629078676 0.20040740817683522
653.2311201304061 0.19984714925163663
653.6376111821363 0.19928689031204438
654.0441022338665 0.19872663135793694
654.4505932855967 0.1981663723891912
654.8570843373269 0.19760611340568263
655.2635753890571 0.19704585440728534
655.6700664407873 0.19648559539387203
656.0765574925174 0.1959253363653141
656.4830485442476 0.19536507732148095
656.8895395959778 0.19480481826224091
657.296030647708 0.1942445591874607
657.7025216994382 0.19368430009700552
658.1090127511684 0.193124040990739
658.5155038028986 0.19256378186852308
658.9219948546288 0.19200352273021826
659.3284859063589 0.19144326357568334
659.7349769580891 0.1908830044047753
660.1414680098193 0.1903227452173496
660.5479590615495 0.18976248601326007
660.9544501132797 0.1892022267923586
661.3609411650099 0.1886419675544955
661.7674322167401 0.18808170829951912
662.1739232684702 0.1875214490272764
662.5804143202004 0.1869611897376118
662.9869053719306 0.1864009304303684
663.3933964236608 0.18584067110538716
663.799887475391 0.18528041176250734
664.2063785271212 0.18472015240156597
664.6128695788514 0.1841598930223984
665.0193606305816 0.18359963362483775
665.4258516823116 0.18303937420871522
665.8323427340418 0.1824791147738597
666.238833785772 0.18191885532009824
666.6453248375022 0.18135859584725564
667.0518158892324 0.18079833635515463
667.4583069409626 0.18023807684361554
667.8647979926928 0.1796778173124567
668.2712890444229 0.1791175577614941
668.6777800961531 0.17855729819054109
669.0842711478833 0.17799703859940919
669.4907621996135 0.17743677898790705
669.8972532513437 0.17687651935584145
670.3037443030739 0.17631625970301623
670.7102353548041 0.17575600002923294
671.1167264065343 0.17519574033429053
671.5232174582644 0.17463548061798562
671.9297085099946 0.17407522088011154
672.3361995617248 0.17351496112045972
672.742690613455 0.17295470133881857
673.1491816651852 0.17239444153497357
673.5556727169154 0.17183418170870782
673.9621637686456 0.17127392185980117
674.3686548203757 0.1707136619880309
674.7751458721059 0.17015340209317106
675.1816369238361 0.16959314217499288
675.5881279755663 0.16903288223326465
675.9946190272965 0.16847262226775142
676.4011100790267 0.16791236227821513
676.8076011307569 0.16735210226441463
677.214092182487 0.16679184222610552
677.6205832342172 0.16623158216303985
678.0270742859474 0.1656713220749666
678.4335653376776 0.1651110619616313
678.8400563894078 0.16455080182277598
679.246547441138 0.16399054165813906
679.6530384928682 0.16343028146745556
680.0595295445984 0.16287002125045666
680.4660205963285 0.16230976100687017
680.8725116480587 0.16174950073641947
681.2790026997889 0.1611892404388247
681.6854937515191 0.1606289801138019
682.0919848032493 0.16006871976106316
682.4984758549795 0.1595084593803164
682.9049669067097 0.15894819897126564
683.3114579584397 0.15838793853361074
683.71794901017 0.15782767806704676
684.1244400619001 0.15726741757126503
684.5309311136303 0.15670715704595223
684.9374221653605 0.15614689649079055
685.3439132170907 0.15558663590545774
685.750404268821 0.15502637528962654
686.1568953205511 0.15446611464296536
686.5633863722812 0.15390585396513767
686.9698774240114 0.15334559325580172
687.3763684757416 0.15278533251461096
687.7828595274718 0.15222507174121394
688.189350579202 0.15166481093525372
688.5958416309322 0.1511045500963682
689.0023326826624 0.15054428922418994
689.4088237343925 0.14998402831834604
689.8153147861227 0.14942376737845758
690.2218058378529 0.14886350640414048
690.6282968895831 0.1483032453950046
691.0347879413133 0.147742984350654
691.4412789930435 0.14718272327068657
691.8477700447737 0.14662246215469413
692.2542610965038 0.1460622010022625
692.660752148234 0.14550193981297044
693.0672431999642 0.1449416785863908
693.4737342516944 0.14438141732208962
693.8802253034246 0.14382115601962622
694.2867163551548 0.1432608946785529
694.693207406885 0.14270063329841515
695.0996984586152 0.14214037187875106
695.5061895103453 0.14158011041909174
695.9126805620755 0.14101984891896027
696.3191716138057 0.14045958737787265
696.7256626655359 0.13989932579533698
697.1321537172661 0.13933906417085334
697.5386447689963 0.138778802503914
697.9451358207265 0.1382185407940027
698.3516268724566 0.13765827904059508
698.7581179241868 0.13709801724315773
699.164608975917 0.13653775540114899
699.5711000276472 0.13597749351401806
699.9775910793774 0.13541723158120503
700.3840821311076 0.1348569696021407
700.7905731828378 0.13429670757624637
701.197064234568 0.13373644550293376
701.603555286298 0.13317618338160467
702.0100463380282 0.13261592121165036
702.4165373897584 0.13205565899245236
702.8230284414886 0.13149539672338134
703.2295194932188 0.13093513440379734
703.636010544949 0.13037487203304937
704.0425015966792 0.12981460961047508
704.4489926484093 0.12925434713540096
704.8554837001395 0.1286940846071412
705.2619747518697 0.12813382202499857
705.6684658035999 0.12757355938826337
706.0749568553301 0.12701329669621333
706.4814479070603 0.12645303394811352
706.8879389587905 0.1258927711432158
707.2944300105207 0.12533250828075876
707.7009210622508 0.12477224535996734
708.107412113981 0.12421198238005221
708.5139031657112 0.12365171934021009
708.9203942174414 0.1230914562396229
709.3268852691716 0.12253119307745776
709.7333763209018 0.12197092985286634
710.139867372632 0.12141066656498462
710.5463584243621 0.12085040321293289
710.9528494760923 0.12029013979581446
711.3593405278225 0.11972987631271637
711.7658315795527 0.11916961276270836
712.1723226312829 0.11860934914484259
712.5788136830131 0.1180490854581532
712.9853047347433 0.1174888217016559
713.3917957864734 0.11692855787434778
713.7982868382036 0.11636829397520602
714.2047778899338 0.1158080300031887
714.611268941664 0.11524776595723327
715.0177599933942 0.11468750183625652
715.4242510451244 0.11412723763915396
715.8307420968546 0.11356697336479939
716.2372331485848 0.11300670901204411
716.6437242003149 0.1124464445797169
717.0502152520451 0.11188618006662243
717.4567063037753 0.1113259154715419
717.8631973555055 0.1107656507932317
718.2696884072357 0.11020538603042283
718.6761794589659 0.10964512118182058
719.0826705106961 0.10908485624610344
719.4891615624261 0.1085245912219228
719.8956526141563 0.10796432610790176
720.3021436658865 0.10740406090263505
720.7086347176167 0.10684379560468768
721.115125769347 0.10628353021259467
721.5216168210771 0.1057232647248597
721.9281078728073 0.10516299913995486
722.3345989245375 0.10460273345631933
722.7410899762676 0.10404246767235889
723.1475810279978 0.10348220178644438
723.554072079728 0.10292193579691156
723.9605631314582 0.10236166970205973
724.3670541831884 0.10180140350015061
724.7735452349186 0.10124113718940768
725.1800362866488 0.10068087076801466
725.5865273383789 0.10012060423411488
725.9930183901091 0.09956033758580948
726.3995094418393 0.09900007082115705
726.8060004935695 0.09843980393817184
727.2124915452997 0.09787953693482267
727.6189825970299 0.09731926980903159
728.0254736487601 0.09675900255867254
728.4319647004902 0.09619873518157016
728.8384557522204 0.09563846767549758
729.2449468039506 0.09507820003817599
729.6514378556808 0.09451793226727245
730.057928907411 0.09395766436039829
730.4644199591412 0.09339739631510767
730.8709110108714 0.09283712812889561
731.2774020626016 0.09227685979919643
731.6838931143317 0.09171659132338189
732.0903841660619 0.09115632269875873
732.4968752177921 0.09059605392256753
732.9033662695223 0.09003578499198006
733.3098573212525 0.08947551590409727
733.7163483729827 0.08891524665594717
734.1228394247129 0.08835497724448231
734.529330476443 0.08779470766657765
734.9358215281732 0.08723443791902756
735.3423125799034 0.0866741679985439
735.7488036316336 0.08611389790175286
736.1552946833638 0.08555362762519235
736.561785735094 0.08499335716530904
736.9682767868242 0.08443308651845527
737.3747678385544 0.08387281568088599
737.7812588902844 0.08331254464875566
738.1877499420146 0.08275227341811409
738.5942409937448 0.08219200198490399
739.000732045475 0.08163173034495656
739.4072230972052 0.08107145849398777
739.8137141489354 0.08051118642759449
740.2202052006656 0.07995091414125015
740.6266962523957 0.07939064163030068
741.0331873041259 0.0788303688899593
741.4396783558561 0.07827009591530268
741.8461694075863 0.07770982270126545
742.2526604593165 0.07714954924263512
742.6591515110467 0.0765892755340469
743.0656425627769 0.07602900156997779
743.4721336145071 0.07546872734474094
743.8786246662372 0.07490845285247973
744.2851157179674 0.0743481780871604
744.6916067696976 0.07378790304256666
745.0980978214278 0.07322762771229195
745.504588873158 0.07266735208973221
745.9110799248882 0.07210707616807814
746.3175709766184 0.07154679994030742
746.7240620283485 0.07098652339917627
747.1305530800787 0.07042624653721007
747.5370441318089 0.069865969346695
747.9435351835391 0.06930569181966793
748.3500262352693 0.06874541394790619
748.7565172869995 0.06818513572291703
749.1630083387297 0.0676248571359264
749.5694993904598 0.06706457817786751
749.97599044219 0.06650429883936765
750.3824814939202 0.06594401911073627
750.7889725456504 0.0653837389819508
751.1954635973806 0.06482345844264228
751.6019546491108 0.06426317748208049
752.008445700841 0.06370289608915798
752.4149367525712 0.06314261425237318
752.8214278043013 0.06258233195981334
753.2279188560315 0.06202204919913483
753.6344099077617 0.06146176595754488
754.0409009594919 0.0609014822217801
754.4473920112221 0.06034119797808485
754.8538830629523 0.05978091321218813
755.2603741146825 0.05922062790927936
755.6668651664125 0.05866034205398268
756.0733562181427 0.058100055630329044
756.479847269873 0.05753976862172846
756.8863383216031 0.05697948101093874
757.2928293733333 0.05641919278003332
757.6993204250635 0.05585890391036697
758.1058114767937 0.05529861438253944
758.512302528524 0.05473832417635681
758.918793580254 0.05417803327079066
759.3252846319842 0.0536177416439339
759.7317756837144 0.05305744927295535
760.1382667354446 0.0524971561340498
760.5447577871748 0.05193686220238572
760.951248838905 0.05137656745204936
761.3577398906352 0.0508162718559851
761.7642309423653 0.05025597538593203
762.1707219940955 0.04969567801235543
762.5772130458257 0.0491353797043752
762.9837040975559 0.048575080429687674
763.3901951492861 0.04801478015448278
763.7966862010163 0.0474544788433553
764.2031772527465 0.04689417645920948
764.6096683044767 0.04633387296315717
765.0161593562068 0.04577356831440817
765.422650407937 0.04521326247015198
765.8291414596672 0.044652955385432166
766.2356325113974 0.04409264701300943
766.6421235631276 0.04353233730321506
767.0486146148578 0.04297202620379279
767.455105666588 0.04241171365972798
767.8615967183181 0.04185139961306335
768.2680877700483 0.041291084002699034
768.6745788217785 0.04073076676417751
769.0810698735087 0.04017044782944919
769.4875609252389 0.03961012712661878
769.8940519769691 0.03904980457966969
770.3005430286993 0.03848948010816456
770.7070340804294 0.03792915362691921
771.1135251321596 0.03736882504564665
771.5200161838898 0.036808494268570184
771.92650723562 0.03624816119399911
772.3329982873502 0.03568782571386514
772.7394893390804 0.03512748771321469
773.1459803908106 0.03456714706965147
773.5524714425408 0.03400680365272443
773.9589624942708 0.03344645732325412
774.365453546001 0.03288610793258969
774.7719445977312 0.03232575532179036
775.1784356494614 0.03176539932071863
775.5849267011916 0.031205039747036926
775.9914177529218 0.030644676405094114
776.397908804652 0.0300843090846879
776.8043998563821 0.029523937559686547
777.2108909081123 0.028963561586490327
777.6173819598425 0.02840318090231269
778.0238730115727 0.02784279522325264
778.4303640633029 0.027282404242130995
778.8368551150331 0.02672200762605471
779.2433461667633 0.026161605013668963
779.6498372184935 0.025601196012049056
780.0563282702236 0.02504078019317626
780.4628193219538 0.024480357089929863
780.869310373684 0.023919926191518993
781.2758014254142 0.023359486938256818
781.6822924771444 0.02279903871556703
782.0887835288746 0.022238580847086378
782.4952745806048 0.021678112586700497
782.9017656323349 0.02111763310931541
783.3082566840651 0.020557141500123385
783.7147477357953 0.019996636742071285
784.1212387875255 0.019436117701166118
784.5277298392557 0.018875583109172818
784.9342208909859 0.01831503154314651
785.3407119427161 0.017754461401102577
785.7472029944462 0.01719387087294712
786.1536940461764 0.016633257905553506
786.5601850979066 0.016072620160564943
786.9666761496368 0.015511954963088269
787.373167201367 0.014951259238903144
787.7796582530972 0.014390529437070245
788.1861493048274 0.013829761433819003
788.5926403565576 0.013268950412210883
788.9991314082877 0.012708090710144832
789.4056224600179 0.012147175626544266
789.8121135117481 0.011586197171664685
790.2186045634783 0.011025145741778507
790.6250956152085 0.010464009690110104
