timestep_tau fe_error be_error me_error rk_error
0.001 1.00E-04	0.000499647 3.34E-05	4.40E-09
0.1 0.009955528	0.048897716 0.003336312	2.28E-06
0.2 0.019872698	0.096267269 0.006666401	9.11E-06
0.3 0.029662108	0.142025544 0.010002365	2.06E-05
0.4 0.039576877	0.187277924 0.013307978	3.62E-05
0.5 0.049361026	0.230995372 0.016652255	5.70E-05
0.6 0.058545861	0.272099498 0.019924582	8.12E-05
0.7 0.068617371	0.315654082 0.023223653	0.00011008
0.8 0.077732311	0.35399512 0.026515338	0.000143742
0.9 0.08856171	0.392008041 0.029904023	0.000182204
1 0.097605525	0.436015307 0.033082164	0.000222072
