timestep_tau fe_error be_error me_error rk_error
0.001 1.00E-04	0.000499647 0.000124985	0.000124981
0.1 0.009955528	0.048897716 0.012433092	1.24E-02
0.2 0.019872698	0.096267269 0.024818147	2.47E-02
0.3 0.029662108	0.142025544 0.037089056	3.69E-02
0.4 0.039576877	0.187277924 0.049487336	4.92E-02
0.5 0.049361026	0.230995372 0.061781533	6.14E-02
0.6 0.058545861	0.272099498 0.073384272	7.28E-02
0.7 0.068617371	0.315654082 0.08618474	8.54E-02
0.8 0.077732311	0.35399512  0.097723459	0.096797231
0.9 0.08856171	0.392008041 0.109305986	0.108188932
1 0.097605525	0.436015307  1.23E-01	1.21E-01
