timestep_tau fe_error be_error me_error  rk_error
0.001 0.306567407 0.299702646 0.303134294 0.303134567
0.1 0.595701953	0.154025733 0.317021574	0.319227568
0.2 0.871209657	0.244963994 0.304526888	0.313432471
0.3 1.147948648	0.466325881 0.287365583	0.307341509
0.4 1.437160815	0.714427958 0.266547044	0.302013348
0.5 1.721704027	0.942006713 0.242246425	0.296062128
0.6 1.994588691	1.150996489 0.215853842	0.289508824
0.7 2.290743648	1.364167119 0.190426724	0.284021549
0.8 2.592122905	1.569163308 0.168006752	0.278557798
0.9 2.866153851	1.725681784 0.151314628	0.272171775
1 3.186542781	1.915118586 0.145538507	0.267078462
