0.0 1.100000000000001
1.6259642069207372 1.1000000000000014
3.2519284138414744 1.0978006335454955
4.8778926207622115 1.095332607949512
6.503856827682949 1.0926002361918759
8.129821034603687 1.0896106969376051
9.755785241524423 1.0863734477103721
11.38174944844516 1.0828996703871214
13.007713655365897 1.0792017682793846
14.633677862286635 1.0752929252826786
16.259642069207374 1.0711867309348586
17.885606276128108 1.0668968705040505
19.511570483048846 1.0624368761078529
21.137534689969584 1.0578199330084275
22.76349889689032 1.0530587343167808
24.389463103811057 1.048165377101897
26.015427310731795 1.0431512931154574
27.641391517652533 1.038027207839511
29.26735572457327 1.0328031222154417
30.893319931494005 1.0274883121274696
32.51928413841475 1.0220913414314385
34.14524834533548 1.016620085000689
35.771212552256216 1.0110817588827803
37.39717675917696 1.0054829552126274
39.02314096609769 0.9998296800061298
40.64910517301843 0.9941273923656082
42.27506937993917 0.9883810439692806
43.9010335868599 0.9825951179983752
45.52699779378064 0.9767736668845028
47.15296200070138 0.9709203484439478
48.77892620762211 0.9650384601114698
50.404890414542855 0.9591309711003292
52.03085462146359 0.9532005524031443
53.656818828384324 0.9472496046146613
55.282783035305066 0.9412802836067689
56.9087472422258 0.9352945241215256
58.53471144914654 0.9292940613725307
60.160675656067276 0.9232804507610224
61.78663986298801 0.9172550858225986
63.41260406990875 0.9112192145249421
65.0385682768295 0.9051739540377284
66.66453248375022 0.8991203040939404
68.29049669067096 0.8930591590579211
69.9164608975917 0.886991318810286
71.54242510451243 0.8809174985537529
73.16838931143317 0.8748383376373922
74.79435351835392 0.8687544074900423
76.42031772527464 0.8626662187468565
78.04628193219538 0.8565742276462988
79.67224613911613 0.8504788417685145
81.29821034603685 0.8443804251798921
82.9241745529576 0.8382793030428816
84.55013875987834 0.8321757657447669
86.17610296679906 0.8260700725940839
87.8020671737198 0.8199624551287632
89.42803138064055 0.8138531200758308
91.05399558756127 0.8077422519986128
92.67995979448202 0.8016300156638346
94.30592400140276 0.795516558157774
95.9318882083235 0.7894020107776926
97.55785241524423 0.7832864907221037
99.18381662216497 0.7771701026010314
100.80978082908571 0.7710529397852416
102.43574503600644 0.7649350856114537
104.06170924292718 0.7588166144587943
105.68767344984792 0.7526975927101435
107.31363765676865 0.746578079610609
108.93960186368939 0.740458128034076
110.56556607061013 0.7343377851676216
112.19153027753086 0.7282170931225643
113.8174944844516 0.7220960894799724
115.44345869137234 0.7159748077776439
117.06942289829308 0.7098532779448145
118.69538710521381 0.7037315266901879
120.32135131213455 0.6976095778482925
121.9473155190553 0.6914874526886248
123.57327972597602 0.6853651701915734
125.19924393289676 0.679242747294687
126.8252081398175 0.6731201991124655
128.45117234673825 0.6669975391325212
130.077136553659 0.660874779390645
131.7031007605797 0.6547519306270424
133.32906496750044 0.6486290024257663
134.95502917442118 0.6425060033391488
136.58099338134193 0.6363829409988462
138.20695758826267 0.6302598222149354
139.8329217951834 0.6241366530643501
141.45888600210412 0.6180134389697952
143.08485020902486 0.6118901847701742
144.7108144159456 0.6057668947834323
146.33677862286635 0.5996435728626391
147.9627428297871 0.5935202224460343
149.58870703670783 0.5873968466016846
151.21467124362854 0.5812734480673363
152.84063545054929 0.5751500292859768
154.46659965747003 0.5690265924375678
156.09256386439077 0.5629031394673634
157.7185280713115 0.5567796721111785
159.34449227823225 0.5506561919179387
160.970456485153 0.5445327002697998
162.5964206920737 0.5384091984001045
164.22238489899445 0.5322856874094032
165.8483491059152 0.5261621682797523
167.47431331283593 0.5200386418874713
169.10027751975667 0.5139151090145273
170.72624172667742 0.5077915703586936
172.35220593359813 0.5016680265426148
173.97817014051887 0.4955444781218956
175.6041343474396 0.4894209255923188
177.23009855436035 0.483297369396287
178.8560627612811 0.47717380992856845
180.48202696820184 0.47105024754142727
182.10799117512255 0.4649266825491994
183.7339553820433 0.4588031152323756
185.35991958896403 0.45267954584124676
186.98588379588477 0.44655597459915414
188.61184800280552 0.4404324017053927
190.23781220972626 0.43430882733779846
191.863776416647 0.42818525165505994
193.4897406235677 0.4220616747987796
195.11570483048845 0.41593809689531397
196.7416690374092 0.40981451805741376
198.36763324432994 0.4036909383856904
199.99359745125068 0.3975673579699225
201.61956165817142 0.3914437768902215
203.24552586509213 0.38532019521807387
204.87149007201288 0.37919661301726887
206.49745427893362 0.37307303034472733
208.12341848585436 0.3669494472512415
209.7493826927751 0.3608258637821348
211.37534689969584 0.35470227997785064
213.00131110661658 0.348578695874478
214.6272753135373 0.34245511150421964
216.25323952045804 0.33633152689581186
217.87920372737878 0.330207942074896
219.50516793429952 0.3240843570643531
221.13113214122026 0.3179607718846005
222.757096348141 0.311837186553857
224.38306055506172 0.30571360108838014
226.00902476198246 0.2995900155026767
227.6349889689032 0.2934664298096916
229.26095317582394 0.2873428440209759
230.88691738274468 0.28121925814683685
232.51288158966543 0.27509567219647224
234.13884579658617 0.26897208617808943
235.76481000350688 0.2628485000990118
237.39077421042762 0.2567249139657745
239.01673841734836 0.250601327784209
240.6427026242691 0.24447774155951865
242.26866683118985 0.23835415529634693
243.8946310381106 0.23223056899883712
245.5205952450313 0.22610698267068632
247.14655945195204 0.21998339631519387
248.77252365887279 0.21385980993530354
250.39848786579353 0.20773622353364224
252.02445207271427 0.20161263711255423
253.650416279635 0.19548905067413097
255.27638048655572 0.18936546422023912
256.9023446934765 0.18324187775254425
258.52830890039723 0.17711829127253226
260.154273107318 0.17099470478152964
261.78023731423866 0.16487111828071965
263.4062015211594 0.1587475317711584
265.03216572808014 0.15262394525378792
266.6581299350009 0.14650035872944908
268.2840941419216 0.1403767721988922
269.91005834884237 0.13425318566278682
271.5360225557631 0.12812959912173028
273.16198676268385 0.12200601257625573
274.7879509696046 0.11588242602683882
276.41391517652534 0.10975883947390414
278.0398793834461 0.1036352529178303
279.6658435903668 0.09751166635895545
281.2918077972875 0.09138807979758097
282.91777200420825 0.08526449323397635
284.543736211129 0.07914090666838129
286.16970041804973 0.0730173201010103
287.79566462497047 0.06689373353205454
289.4216288318912 0.06077014696168473
291.04759303881195 0.05464656039005311
292.6735572457327 0.048522973817295485
294.29952145265344 0.04239938724353315
295.9254856595742 0.03627580066887422
297.5514498664949 0.030152214093415272
299.17741407341566 0.02402862751724244
300.8033782803364 0.017905040940432604
302.4293424872571 0.011781454363054266
304.05530669417783 0.005657867785168925
