0.0 282.0
1.6259642069207372 283.7227338947432
3.2519284138414744 285.2599795349804
4.8778926207622115 286.63170860215615
6.503856827682949 287.85574240943015
8.129821034603687 288.9479834336977
9.755785241524423 289.9226219183568
11.38174944844516 290.79232023097575
13.007713655365897 291.56837737101034
14.633677862286635 292.26087576483275
16.259642069207374 292.8788122552118
17.885606276128108 293.43021498704246
19.511570483048846 293.9222477078869
21.137534689969584 294.3613028383863
22.76349889689032 294.7530845216999
24.389463103811057 295.10268273093953
26.015427310731795 295.41463939739174
27.641391517652533 295.6930074186572
29.26735572457327 295.9414033133322
30.893319931494005 296.1630542063153
32.51928413841475 296.3608397551644
34.14524834533548 296.5373295622078
35.771212552256216 296.69481655845925
37.39717675917696 296.8353467930592
39.02314096609769 296.9607460152604
40.64910517301843 297.07264339430776
42.27506937993917 297.17249268537904
43.9010335868599 297.2615911165694
45.52699779378064 297.3410962422985
47.15296200070138 297.41204098209636
48.77892620762211 297.47534704015027
50.404890414542855 297.53183687995715
52.03085462146359 297.58224440965506
53.656818828384324 297.6272245168554
55.282783035305066 297.6673615768518
56.9087472422258 297.7031770447425
58.53471144914654 297.7351362301025
60.160675656067276 297.7636543422208
61.78663986298801 297.7891018844415
63.41260406990875 297.8118094676921
65.0385682768295 297.8320721057344
66.66453248375022 297.8501530479422
68.29049669067096 297.8662871994006
69.9164608975917 297.8806841727602
71.54242510451243 297.89353101149555
73.16838931143317 297.9049946199478
74.79435351835392 297.9152239317227
76.42031772527464 297.9243518446155
78.04628193219538 297.9324969472002
79.67224613911613 297.9397650595163
81.29821034603685 297.94625060786746
82.9241745529576 297.9520378515955
84.55013875987834 297.9572019777656
86.17610296679906 297.9618100779863
87.8020671737198 297.96592202005445
89.42803138064055 297.96959122574924
91.05399558756127 297.9728653648805
92.67995979448202 297.97578697460807
94.30592400140276 297.97839401207915
95.9318882083235 297.9807203475617
97.55785241524423 297.9827962044826
99.18381662216497 297.9846485520861
100.80978082908571 297.98630145581456
102.43574503600644 297.98777638996313
104.06170924292718 297.98909251667106
105.68767344984792 297.9902669348734
107.31363765676865 297.991314902448
108.93960186368939 297.9922500344437
110.56556607061013 297.9930844799654
112.19153027753086 297.9938290800131
113.8174944844516 297.994493508327
115.44345869137234 297.9950863970674
117.06942289829308 297.9956154489622
118.69538710521381 297.9960875373801
120.32135131213455 297.9965087956281
121.9473155190553 297.99688469663465
123.57327972597602 297.9972201240534
125.19924393289676 297.9975194357107
126.8252081398175 297.9977865202219
128.45117234673825 297.99802484751183
130.077136553659 297.9982375138955
131.7031007605797 297.99842728230493
133.32906496750044 297.99859661818493
134.95502917442118 297.99874772152367
136.58099338134193 297.9988825554347
138.20695758826267 297.99900287166145
139.8329217951834 297.9991102333356
141.45888600210412 297.99920603528506
143.08485020902486 297.99929152215543
144.7108144159456 297.99936780458023
146.33677862286635 297.9994358736101
147.9627428297871 297.9994966135884
149.58870703670783 297.9995508136405
151.21467124362854 297.9995991779259
152.84063545054929 297.9996423347867
154.46659965747003 297.9996808449108
156.09256386439077 297.9997152086164
157.7185280713115 297.999745872352
159.34449227823225 297.99977323449656
160.970456485153 297.99979765053524
162.5964206920737 297.99981943767784
164.22238489899445 297.99983887897986
165.8483491059152 297.99985622702
167.47431331283593 297.9998717071816
169.10027751975667 297.9998855205808
170.72624172667742 297.9998978466793
172.35220593359813 297.99990884561606
173.97817014051887 297.99991866028773
175.6041343474396 297.9999274182052
177.23009855436035 297.99993523315004
178.8560627612811 297.99994220665303
180.48202696820184 297.9999484293129
182.10799117512255 297.99995398197353
183.7339553820433 297.9999589367744
185.35991958896403 297.9999633580876
186.98588379588477 297.99996730335414
188.61184800280552 297.9999708238304
190.23781220972626 297.9999739652539
191.863776416647 297.99997676843765
193.4897406235677 297.9999792698001
195.11570483048845 297.99998150183876
196.7416690374092 297.99998349355184
198.36763324432994 297.99998527081544
199.99359745125068 297.99998685671954
201.61956165817142 297.99998827186795
203.24552586509213 297.9999895346461
204.87149007201288 297.99999066145983
206.49745427893362 297.9999916669486
208.12341848585436 297.99999256417544
209.7493826927751 297.99999336479715
211.37534689969584 297.9999940792152
213.00131110661658 297.9999947167112
214.6272753135373 297.99999528556754
216.25323952045804 297.99999579317455
217.87920372737878 297.9999962461271
219.50516793429952 297.99999665030987
221.13113214122026 297.9999970109739
222.757096348141 297.9999973328049
224.38306055506172 297.99999761998413
226.00902476198246 297.9999978762425
227.6349889689032 297.9999981049093
229.26095317582394 297.99999830895536
230.88691738274468 297.9999984910316
232.51288158966543 297.99999865350355
234.13884579658617 297.999998798482
235.76481000350688 297.99999892785047
237.39077421042762 297.99999904328973
239.01673841734836 297.99999914629956
240.6427026242691 297.9999992382182
242.26866683118985 297.9999993202399
243.8946310381106 297.99999939343024
245.5205952450313 297.99999945874015
247.14655945195204 297.99999951701807
248.77252365887279 297.99999956902116
250.39848786579353 297.999999615425
252.02445207271427 297.99999965683253
253.650416279635 297.99999969378166
255.27638048655572 297.99999972675243
256.9023446934765 297.9999997561732
258.52830890039723 297.99999978242624
260.154273107318 297.9999998058526
261.78023731423866 297.9999998267566
263.4062015211594 297.9999998454099
265.03216572808014 297.9999998620547
266.6581299350009 297.9999998769074
268.2840941419216 297.9999998901609
269.91005834884237 297.99999990198734
271.5360225557631 297.99999991254043
273.16198676268385 297.9999999219573
274.7879509696046 297.9999999303602
276.41391517652534 297.9999999378584
278.0398793834461 297.99999994454924
279.6658435903668 297.9999999505197
281.2918077972875 297.9999999558473
282.91777200420825 297.99999996060126
284.543736211129 297.99999996484337
286.16970041804973 297.9999999686287
287.79566462497047 297.99999997200644
289.4216288318912 297.9999999750205
291.04759303881195 297.99999997771005
292.6735572457327 297.99999998011003
294.29952145265344 297.9999999822516
295.9254856595742 297.99999998416257
297.5514498664949 297.9999999858678
299.17741407341566 297.99999998738946
300.8033782803364 297.9999999887472
302.4293424872571 297.99999998995884
304.05530669417783 297.99999999104
