0.0 1.100000000000001
0.4999999999999995 1.1000000000000014
1.0020034297551836 1.0978006335454955
1.5063917462375547 1.095332607949512
2.013545235600379 1.0926002361918759
2.523837190410288 1.0896106969376051
3.0376294698246187 1.0863734477103721
3.5552693433027636 1.0828996703871214
4.077087463463946 1.0792017682793846
4.6033967894829395 1.0752929252826786
5.134492279604675 1.0711867309348586
5.6706511821913095 1.0668968705040505
6.212133773235112 1.0624368761078529
6.75918441021005 1.0578199330084275
7.312032794633932 1.0530587343167808
7.870895357000501 1.048165377101897
8.43597669683951 1.0431512931154574
9.007471027142481 1.038027207839511
9.585563586178695 1.0328031222154417
10.170431990961257 1.0274883121274696
10.76224751556403 1.0220913414314385
11.36117628444472 1.016620085000689
11.9673803762123 1.0110817588827803
12.581018837186488 1.0054829552126274
13.202248606901803 0.9998296800061298
13.831225359640015 0.9941273923656082
14.468104267329974 0.9883810439692806
15.113040689893351 0.9825951179983752
15.766190799471001 0.9767736668845028
16.42771214504092 0.9709203484439478
17.097764163818006 0.9650384601114698
17.7765086455711 0.9591309711003292
18.464110155652012 0.9532005524031443
19.160736422142264 0.9472496046146613
19.866558692110196 0.9412802836067689
20.581752061555736 0.9352945241215256
21.306495783214395 0.9292940613725307
22.04097355600493 0.9232804507610224
22.78537379954322 0.9172550858225986
23.539889916810864 0.9112192145249421
24.30472054776228 0.9051739540377284
25.080069816379066 0.8991203040939404
25.866147573435065 0.8930591590579211
26.663169637016914 0.886991318810286
27.471358032653878 0.8809174985537529
28.29094123474333 0.8748383376373922
29.122154410813735 0.8687544074900423
29.965239670043818 0.8626662187468565
30.820446317352 0.8565742276462988
31.688031114282946 0.8504788417685145
32.56825854784735 0.8443804251798921
33.46140110841449 0.8382793030428816
34.367739577712946 0.8321757657447669
35.28756332796454 0.8260700725940839
36.22117063315545 0.8199624551287632
37.16886899343885 0.8138531200758308
38.130975473662474 0.8077422519986128
39.10781705702335 0.8016300156638346
40.09973101486759 0.795516558157774
41.10706529367888 0.7894020107776926
42.13017892033048 0.7832864907221037
43.16944242671576 0.7771701026010314
44.225238294918825 0.7710529397852416
45.2979614241415 0.7649350856114537
46.388019620663506 0.7588166144587943
47.4958341121824 0.7526975927101435
48.62184008795558 0.746578079610609
49.76648726625116 0.740458128034076
50.93024049070688 0.7343377851676216
52.11358035729702 0.7282170931225643
53.31700387371759 0.7220960894799724
54.54102515311899 0.7159748077776439
55.78617614424624 0.7098532779448145
57.05300740018674 0.7037315266901879
58.34208888807851 0.6976095778482925
59.65401084229766 0.6914874526886248
60.98938466382244 0.6853651701915734
62.34884386866572 0.679242747294687
63.73304508847794 0.6731201991124655
65.14266912665059 0.6669975391325212
66.57842207349766 0.660874779390645
68.0410364843604 0.6547519306270424
69.53127262477223 0.6486290024257663
71.04991978713625 0.6425060033391488
72.59779768371223 0.6363829409988462
74.17575792108325 0.6302598222149354
75.7846855616782 0.6241366530643501
77.42550077837163 0.6180134389697952
79.0991606086622 0.6118901847701742
80.80666081546124 0.6057668947834323
82.54903786209516 0.5996435728626391
84.32737100975662 0.5935202224460343
86.14278454632566 0.5873968466016846
87.99645015623464 0.5812734480673363
89.88958944187704 0.5751500292859768
91.82347660796319 0.5690265924375678
93.79944132122097 0.5629031394673634
95.81887175892982 0.5567796721111785
97.88321786097782 0.5506561919179387
99.99399480145388 0.5445327002697998
102.15278669724401 0.5384091984001045
104.36125057271019 0.5322856874094032
106.62112060130578 0.5261621682797523
108.93421264694835 0.5200386418874713
111.30242913014472 0.5139151090145273
113.72776424627646 0.5077915703586936
116.21230956613027 0.5016680265426148
118.75826005173224 0.4955444781218956
121.36792052385482 0.4894209255923188
124.04371262125183 0.483297369396287
126.78818229579004 0.47717380992856845
129.60400789223843 0.47105024754142727
132.49400886661604 0.4649266825491994
135.46115520275433 0.4588031152323756
138.50857759318487 0.45267954584124676
141.6395784577189 0.44655597459915414
144.85764388124224 0.4404324017053927
148.16645656144956 0.43430882733779846
151.56990986761625 0.42818525165505994
155.0721231232466 0.4220616747987796
158.67745823872278 0.41593809689531397
162.39053783515925 0.40981451805741376
166.21626501779932 0.4036909383856904
170.15984497680518 0.3975673579699225
174.22680861554835 0.3914437768902215
178.4230384319478 0.38532019521807387
182.75479690754526 0.37919661301726887
187.22875769244732 0.37307303034472733
191.85203991273167 0.3669494472512415
196.63224597125702 0.3608258637821348
201.57750326404675 0.35470227997785064
206.69651029374722 0.348578695874478
211.99858773054245 0.34245511150421964
217.49373505107144 0.33633152689581186
223.19269347944325 0.330207942074896
229.10701606389554 0.3240843570643531
235.24914585107265 0.3179607718846005
241.6325032710184 0.311837186553857
248.27158402434875 0.30571360108838014
255.18206897424776 0.2995900155026767
262.38094779676607 0.2934664298096916
269.88665844185385 0.2873428440209759
277.7192448150923 0.28121925814683685
285.90053551925195 0.27509567219647224
294.45434701190817 0.26897208617808943
303.4067151608595 0.2628485000990118
312.7861599389036 0.2567249139657745
322.6239889264249 0.250601327784209
332.954646426096 0.24447774155951865
343.8161163924798 0.23835415529634693
355.2503891096832 0.23223056899883712
367.3040037023459 0.22610698267068632
380.0286812565495 0.21998339631519387
393.48206671209937 0.21385980993530354
407.72860197048453 0.20773622353364224
422.8405581164415 0.20161263711255423
438.89926164214535 0.19548905067413097
455.99655858880226 0.18936546422023912
474.2365722608048 0.18324187775254425
493.7378255611135 0.17711829127253226
514.6358193514395 0.17099470478152964
537.0861853998549 0.16487111828071965
561.268569066268 0.1587475317711584
587.3914466758617 0.15262394525378792
615.698151064447 0.14650035872944908
646.4744742201459 0.1403767721988922
680.0583505655103 0.13425318566278682
716.8523169477598 0.12812959912173028
757.3397248946934 0.12200601257625573
802.1060931057177 0.11588242602683882
851.8676076402052 0.10975883947390414
907.509726198766 0.1036352529178303
970.1403281507145 0.09751166635895545
1041.1642329147462 0.09138807979758097
1122.3898292268896 0.08526449323397635
1216.1852075224483 0.07914090666838129
1325.7128564303562 0.0730173201010103
1455.2932667953307 0.06689373353205454
1610.9883700252603 0.06077014696168473
1801.5772501926785 0.05464656039005311
2040.2706638048746 0.048522973817295485
2347.9112900430796 0.04239938724353315
2759.4153169412743 0.03627580066887422
3338.063323912928 0.030152214093415272
4211.642963268752 0.02402862751724244
5682.757182097884 0.017905040940432604
8683.138502900365 0.011781454363054266
18178.226127800768 0.005657867785168925
