0.0 282.0
0.4999999999999995 283.7227338947432
1.0020034297551836 285.2599795349804
1.5063917462375547 286.63170860215615
2.013545235600379 287.85574240943015
2.523837190410288 288.9479834336977
3.0376294698246187 289.9226219183568
3.5552693433027636 290.79232023097575
4.077087463463946 291.56837737101034
4.6033967894829395 292.26087576483275
5.134492279604675 292.8788122552118
5.6706511821913095 293.43021498704246
6.212133773235112 293.9222477078869
6.75918441021005 294.3613028383863
7.312032794633932 294.7530845216999
7.870895357000501 295.10268273093953
8.43597669683951 295.41463939739174
9.007471027142481 295.6930074186572
9.585563586178695 295.9414033133322
10.170431990961257 296.1630542063153
10.76224751556403 296.3608397551644
11.36117628444472 296.5373295622078
11.9673803762123 296.69481655845925
12.581018837186488 296.8353467930592
13.202248606901803 296.9607460152604
13.831225359640015 297.07264339430776
14.468104267329974 297.17249268537904
15.113040689893351 297.2615911165694
15.766190799471001 297.3410962422985
16.42771214504092 297.41204098209636
17.097764163818006 297.47534704015027
17.7765086455711 297.53183687995715
18.464110155652012 297.58224440965506
19.160736422142264 297.6272245168554
19.866558692110196 297.6673615768518
20.581752061555736 297.7031770447425
21.306495783214395 297.7351362301025
22.04097355600493 297.7636543422208
22.78537379954322 297.7891018844415
23.539889916810864 297.8118094676921
24.30472054776228 297.8320721057344
25.080069816379066 297.8501530479422
25.866147573435065 297.8662871994006
26.663169637016914 297.8806841727602
27.471358032653878 297.89353101149555
28.29094123474333 297.9049946199478
29.122154410813735 297.9152239317227
29.965239670043818 297.9243518446155
30.820446317352 297.9324969472002
31.688031114282946 297.9397650595163
32.56825854784735 297.94625060786746
33.46140110841449 297.9520378515955
34.367739577712946 297.9572019777656
35.28756332796454 297.9618100779863
36.22117063315545 297.96592202005445
37.16886899343885 297.96959122574924
38.130975473662474 297.9728653648805
39.10781705702335 297.97578697460807
40.09973101486759 297.97839401207915
41.10706529367888 297.9807203475617
42.13017892033048 297.9827962044826
43.16944242671576 297.9846485520861
44.225238294918825 297.98630145581456
45.2979614241415 297.98777638996313
46.388019620663506 297.98909251667106
47.4958341121824 297.9902669348734
48.62184008795558 297.991314902448
49.76648726625116 297.9922500344437
50.93024049070688 297.9930844799654
52.11358035729702 297.9938290800131
53.31700387371759 297.994493508327
54.54102515311899 297.9950863970674
55.78617614424624 297.9956154489622
57.05300740018674 297.9960875373801
58.34208888807851 297.9965087956281
59.65401084229766 297.99688469663465
60.98938466382244 297.9972201240534
62.34884386866572 297.9975194357107
63.73304508847794 297.9977865202219
65.14266912665059 297.99802484751183
66.57842207349766 297.9982375138955
68.0410364843604 297.99842728230493
69.53127262477223 297.99859661818493
71.04991978713625 297.99874772152367
72.59779768371223 297.9988825554347
74.17575792108325 297.99900287166145
75.7846855616782 297.9991102333356
77.42550077837163 297.99920603528506
79.0991606086622 297.99929152215543
80.80666081546124 297.99936780458023
82.54903786209516 297.9994358736101
84.32737100975662 297.9994966135884
86.14278454632566 297.9995508136405
87.99645015623464 297.9995991779259
89.88958944187704 297.9996423347867
91.82347660796319 297.9996808449108
93.79944132122097 297.9997152086164
95.81887175892982 297.999745872352
97.88321786097782 297.99977323449656
99.99399480145388 297.99979765053524
102.15278669724401 297.99981943767784
104.36125057271019 297.99983887897986
106.62112060130578 297.99985622702
108.93421264694835 297.9998717071816
111.30242913014472 297.9998855205808
113.72776424627646 297.9998978466793
116.21230956613027 297.99990884561606
118.75826005173224 297.99991866028773
121.36792052385482 297.9999274182052
124.04371262125183 297.99993523315004
126.78818229579004 297.99994220665303
129.60400789223843 297.9999484293129
132.49400886661604 297.99995398197353
135.46115520275433 297.9999589367744
138.50857759318487 297.9999633580876
141.6395784577189 297.99996730335414
144.85764388124224 297.9999708238304
148.16645656144956 297.9999739652539
151.56990986761625 297.99997676843765
155.0721231232466 297.9999792698001
158.67745823872278 297.99998150183876
162.39053783515925 297.99998349355184
166.21626501779932 297.99998527081544
170.15984497680518 297.99998685671954
174.22680861554835 297.99998827186795
178.4230384319478 297.9999895346461
182.75479690754526 297.99999066145983
187.22875769244732 297.9999916669486
191.85203991273167 297.99999256417544
196.63224597125702 297.99999336479715
201.57750326404675 297.9999940792152
206.69651029374722 297.9999947167112
211.99858773054245 297.99999528556754
217.49373505107144 297.99999579317455
223.19269347944325 297.9999962461271
229.10701606389554 297.99999665030987
235.24914585107265 297.9999970109739
241.6325032710184 297.9999973328049
248.27158402434875 297.99999761998413
255.18206897424776 297.9999978762425
262.38094779676607 297.9999981049093
269.88665844185385 297.99999830895536
277.7192448150923 297.9999984910316
285.90053551925195 297.99999865350355
294.45434701190817 297.999998798482
303.4067151608595 297.99999892785047
312.7861599389036 297.99999904328973
322.6239889264249 297.99999914629956
332.954646426096 297.9999992382182
343.8161163924798 297.9999993202399
355.2503891096832 297.99999939343024
367.3040037023459 297.99999945874015
380.0286812565495 297.99999951701807
393.48206671209937 297.99999956902116
407.72860197048453 297.999999615425
422.8405581164415 297.99999965683253
438.89926164214535 297.99999969378166
455.99655858880226 297.99999972675243
474.2365722608048 297.9999997561732
493.7378255611135 297.99999978242624
514.6358193514395 297.9999998058526
537.0861853998549 297.9999998267566
561.268569066268 297.9999998454099
587.3914466758617 297.9999998620547
615.698151064447 297.9999998769074
646.4744742201459 297.9999998901609
680.0583505655103 297.99999990198734
716.8523169477598 297.99999991254043
757.3397248946934 297.9999999219573
802.1060931057177 297.9999999303602
851.8676076402052 297.9999999378584
907.509726198766 297.99999994454924
970.1403281507145 297.9999999505197
1041.1642329147462 297.9999999558473
1122.3898292268896 297.99999996060126
1216.1852075224483 297.99999996484337
1325.7128564303562 297.9999999686287
1455.2932667953307 297.99999997200644
1610.9883700252603 297.9999999750205
1801.5772501926785 297.99999997771005
2040.2706638048746 297.99999998011003
2347.9112900430796 297.9999999822516
2759.4153169412743 297.99999998416257
3338.063323912928 297.9999999858678
4211.642963268752 297.99999998738946
5682.757182097884 297.9999999887472
8683.138502900365 297.99999998995884
18178.226127800768 297.99999999104
