time d2_be
0.0 1.100000000000001
0.4999999999999997 1.100000000000001
1.0019984259552739 1.0978061157643981
1.5060191155716465 1.0956036234465074
2.01208294678293 1.0933942875056548
2.520208591204151 1.0911795196627176
3.0304130972146766 1.0889604466906204
3.54271233732287 1.08673796611704
4.057121348750998 1.084512791650799
4.573654590863434 1.0822854900080068
5.092326138395141 1.0800565106250914
5.613149825492876 1.0778262095415858
6.1361393523323775 1.0755948685375452
6.66130836344874 1.073362710429795
7.188670504824681 1.0711299112724864
7.71823946513245 1.0688966100714816
8.250029005237396 1.0666629165077437
8.784052979072808 1.0644289170700032
9.320325348226756 1.0621946799189292
9.858860191992571 1.059960258741427
10.399671714185855 1.0577256958020376
10.942774247690771 1.0554910243567688
11.48818225744163 1.053256270561172
12.035910342353384 1.0510214549775838
12.585973236570622 1.0487865937649719
13.138385810298422 1.0465516996176327
13.693163070399363 1.0443167825053106
14.250320160883849 1.0420818502564058
14.809872363378954 1.039846909017277
15.37183509763118 1.03761196361376
15.936223922077167 1.0353770178355621
16.503054534501736 1.0331420746598643
17.072342772792272 1.0309071364270312
17.64410461579199 1.0286722049786092
18.218356184250002 1.0264372817656506
18.795113741863737 1.0242023679336967
19.3743936964076 1.021967464389418
19.95621260094147 1.0197325718528352
20.540587155092158 1.0174976908982245
21.127534206401602 1.0152628219861406
21.71707075173569 1.0130279654884717
22.30921393874851 1.0107931217080344
22.90398106739718 1.0085582908938853
23.50138959150311 1.0063234732532849
24.101457120356233 1.004088668961037
24.704201420359087 1.0018538781667792
25.309640416708316 0.9996191010006626
25.917792195111442 0.9973843375777887
26.52867500353733 0.9951495880016559
27.142307253998837 0.9929148523668526
27.75870752436666 0.9906801307611472
28.377894560213637 0.9884454232671178
28.999887276688742 0.9862107299634167
29.62470476042045 0.9839760509257575
30.25236627144926 0.9817413862276766
30.882891245189025 0.9795067359411301
31.516299294417234 0.9772721001369563
32.15261021129434 0.9750374788852322
32.79184396941207 0.9728028722555533
33.434020725871044 0.9705682803172517
34.07916082338799 0.9683337031395629
34.72728479243278 0.9660991407917581
35.37841335339566 0.9638645933432471
36.03256741878495 0.9616300608636572
36.68976809545586 0.9593955434228987
37.350036686870645 0.9571610410912104
38.01339469539049 0.9549265539392027
38.67986382459987 0.9526920820378872
39.34946598166364 0.9504576254587023
40.02222327971746 0.9482231842735329
40.69815804029204 0.9459887585547283
41.377292795771815 0.943754348375116
42.05965029188844 0.9415199538080136
42.745253490249944 0.9392855749272394
43.434125570905884 0.9370512118071207
44.1262899349491 0.9348168645225031
44.82177020715487 0.9325825331487575
45.52059023865791 0.9303482177617874
46.2227741096679 0.9281139184380346
46.92834613222418 0.9258796352544865
47.6373308529903 0.9236453682886817
48.34975305608908 0.9214111176187167
49.06563776597883 0.9191768833232508
49.785010250371464 0.9169426654815119
50.50789602319326 0.9147084641733035
51.234320847588826 0.9124742794790094
51.96431073896932 0.9102401114796
52.69789196810527 0.9080059602566382
53.435091064265215 0.9057718258922846
54.17593481840052 0.9035377084693045
54.920450286377445 0.9013036080710733
55.66866479225734 0.8990695247815823
56.420605931625374 0.8968354586854456
57.176301574969195 0.8946014098679056
57.93577987110816 0.8923673784148393
58.69906925067363 0.890133364412765
59.46619842964207 0.8878993679488486
60.23719641292103 0.88566538911091
61.012092497989535 0.8834314279874292
61.79091627859351 0.8811974846675539
62.57369764849732 0.8789635592411055
63.3604668052925 0.8767296517985866
64.1512542542646 0.8744957624311865
64.94609081231901 0.8722618912307898
65.74500761196745 0.8700280382899825
66.54803610537523 0.8677942037020596
67.35520806847137 0.8655603875610316
68.16655560512193 0.8633265899616337
68.9821111513683 0.8610928109993307
69.80190747973116 0.858859050770326
70.62597770358143 0.8566253093715697
71.45435528157984 0.8543915869007644
72.28707402218558 0.8521578834563756
73.12416808823602 0.8499241991376377
73.96567200159855 0.8476905340445623
74.81162064789554 0.8454568882779475
75.66204928130449 0.8432232619393842
76.51699352943396 0.8409896551312663
77.37648939827734 0.8387560679567985
78.24057327724545 0.8365225005200044
79.10928194427979 0.8342889529257359
79.98265257104762 0.8320554252796812
80.86072272822064 0.8298219176883749
81.74353039083887 0.8275884302592056
82.63111394376102 0.8253549631004266
83.52351218720335 0.8231215163211635
84.42076434236859 0.8208880900314253
85.32291005716638 0.8186546843421126
86.22998941202736 0.8164212993650282
87.14204292581258 0.814187935212886
88.05911156181959 0.811954591999322
88.98123673388821 0.8097212698389031
89.9084603126062 0.8074879688471392
90.84082463161883 0.8052546891404903
91.77837249404203 0.8030214308363813
92.72114717898361 0.8007881940532082
93.66919244817227 0.7985549789103531
94.62255255269854 0.7963217855281913
95.58127223986828 0.7940886140281053
96.5453967601721 0.791855464532494
97.5149718743721 0.7896223371647855
98.49004386070894 0.7873892320494476
99.47065952223107 0.7851561493120005
100.45686619424899 0.7829230890790283
101.44871175191683 0.7806900514781903
102.44624461794366 0.7784570366382336
103.44951377043728 0.7762240446890075
104.45856875088359 0.7739910757614714
105.47345967226273 0.7717581299877135
106.49423722730742 0.7695252075009583
107.52095269690321 0.7672923084355833
108.55365795863635 0.7650594329271305
109.59240549549028 0.7628265811123213
110.63724840469509 0.7605937531290679
111.68824040673202 0.75836094911649
112.74543585449727 0.7561281692149271
113.80888974262739 0.7538954135659529
114.87865771699038 0.7516626823123909
115.95479608434542 0.7494299755983275
117.03736182217514 0.7471972935691278
118.12641258869328 0.7449646363714523
119.22200673303286 0.742732004153269
120.3242033056169 0.7404993970638715
121.43306206871688 0.7382668152538938
122.54864350720187 0.7360342588753273
123.67100883948362 0.7338017280815362
124.8002200286605 0.7315692230272741
125.93633979386513 0.7293367438687018
127.07943162182026 0.7271042907634031
128.22955977860684 0.724871863870403
129.3867893216491 0.7226394633501856
130.55118611192165 0.7204070893647101
131.7228168263825 0.7181747420774317
132.90174897063815 0.7159424216533178
134.0880508918446 0.7137101282588679
135.2817917918501 0.711477862062132
136.48304174058512 0.7092456232327301
137.69187168970396 0.7070134119418718
138.9083534864848 0.7047812283623769
140.13255988799344 0.702549072668694
141.36456457551586 0.7003169450369225
142.60444216926666 0.698084845644833
143.85226824337906 0.6958527746718879
145.1081193411825 0.6936207322992642
146.37207299077485 0.6913887187098743
147.6442077208956 0.6891567340883884
148.92460307710647 0.6869247786212574
150.21333963828744 0.6846928524967358
151.51049903345384 0.6824609559049044
152.8161639589035 0.6802290890376953
154.13041819570032 0.6779972520889143
155.4533466275024 0.6757654452542666
156.7850352587428 0.6735336687313813
158.12557123317077 0.6713019227198366
159.47504285276216 0.6690702074211855
160.83353959700736 0.6668385230389822
162.20115214258576 0.6646068697788075
163.57797238343528 0.6623752478482982
164.96409345122763 0.6601436574571714
166.3596097362565 0.6579120988172553
167.7646169087513 0.6556805721425157
169.17921194062413 0.6534490776490856
170.603493127662 0.6512176155552938
172.0375601121735 0.6489861860816961
173.4815139061023 0.6467547894511043
174.93545691461753 0.644523425888618
176.39949296019344 0.6422920956216549
177.87372730718928 0.6400607988799841
179.35826668694259 0.6378295358957572
180.85321932338726 0.6355983069035428
182.35869495921114 0.6333671121403581
183.87480488256344 0.6311359518457054
185.40166195432872 0.6289048262616055
186.93938063597957 0.626673735632633
188.4880770180224 0.6244426802059531
190.0478688490521 0.6222116602313577
191.61887556543002 0.6199806759613026
193.2012183216009 0.6177497276509466
194.7950200210657 0.6155188155581888
196.40040534802586 0.6132879399437082
198.01750079971643 0.6110571010710044
199.64643471944592 0.6088262992064383
201.2873373303608 0.6065955346192724
202.9403407699524 0.6043648075817154
204.60557912532744 0.6021341183689624
206.283188469259 0.5999034672592414
207.97330689704083 0.5976728545338558
209.67607456416425 0.5954422804772316
211.39163372484035 0.5932117453769621
213.12012877138778 0.5909812495238569
214.86170627451185 0.588750793211988
216.61651502449538 0.5865203767387402
218.38470607332775 0.5842900004048606
220.16643277779593 0.5820596645145086
221.96185084356384 0.579829369375309
223.77111837026595 0.5775991152984039
225.59439589764315 0.5753689025985068
227.4318464527488 0.5731387315939569
229.28363559825326 0.570908602606776
231.14993148187864 0.5686785159627237
233.03090488699203 0.5664484719913577
234.92672928439202 0.5642184710260908
236.83758088531923 0.5619885134042527
238.7636386957253 0.5597585994671508
240.70508457183578 0.5575287295601332
242.66210327704252 0.5552989040326524
244.63488254016318 0.5530691232383306
246.62361311510563 0.5508393875350261
248.6284888419776 0.5486096972849023
250.64970670968287 0.5463800528544943
252.68746692004444 0.5441504546147826
254.7419729535009 0.541920902941263
256.8134316364193 0.539691398214021
258.90205321007164 0.5374619408178062
261.0080514013231 0.5352325311421097
263.13164349508213 0.5330031695812414
265.2730504085631 0.5307738565344101
267.43249676741476 0.5285445924058051
269.6102109837702 0.5263153776046784
271.8064253362736 0.5240862125454308
274.0213760521438 0.5218570976476975
276.25530339133513 0.5196280333364363
278.50845173285643 0.5173990200420195
280.7810696633164 0.5151700582003244
283.0734100677592 0.5129411482528279
285.38573022286215 0.5107122906467032
287.71829189256533 0.508483485834918
290.07136142620914 0.5062547342763343
292.4452098592564 0.5040260364358112
294.84011301667704 0.5017973927843107
297.2563516190808 0.499568803799003
299.6942113916806 0.49734026996337777
302.1539831761766 0.4951117917673549
304.6359630456525 0.49288336970739954
307.1404524225782 0.49065500428663794
309.66775820001766 0.48842669601497896
312.2181928661447 0.4861984454092342
314.7920746321708 0.48397025299324453
317.3897275637959 0.4817421192980067
320.0114817162942 0.47951404486180566
322.6576732733552 0.47728603023034694
325.3286446897992 0.47505807595689403
328.0247448382963 0.4728301826024083
330.7463291602187 0.4706023507356924
333.49375982076447 0.46837458093353657
336.26740586849144 0.46614687378086933
339.067643399413 0.46391922987091005
341.8948557258026 0.46169164980532695
344.7494335498697 0.45946413419439797
347.63177514247053 0.45723668365717507
350.5422865270231 0.4550092988216537
353.48138166880693 0.45278198032494477
356.4494826698285 0.45055472881345254
359.4470199694481 0.44832754494305527
362.47443255096385 0.44610042937929156
365.532168154363 0.4438733827975501
368.6206834954542 0.44164640588326526
371.74044449160624 0.43941949933211644
374.8919264943256 0.43719266385023325
378.0756145289158 0.43496590015440584
381.29200354147287 0.43273920897229917
384.54159865347486 0.43051259104267536
387.82491542424765 0.42828604711561835
391.14248012158225 0.42605957795276733
394.49483000080875 0.42383318432755446
397.8825135926313 0.4216068670254493
401.3060910000496 0.41938062684420907
404.76613420469977 0.41715446459413674
408.26322738296835 0.4149283810983437
411.79796723224086 0.4127023771930221
415.3709633076694 0.4104764537277224
418.98283836985456 0.4082506115656381
422.6342287438549 0.4060248515839007
426.32578468996064 0.4037991746738792
430.05817078667826 0.4015735817414905
433.8320663264014 0.3993480737075167
437.64816572425894 0.39712265150793086
441.50717894065156 0.39489731609423395
445.40983191802184 0.39267206843379826
449.35686703240884 0.39044690951022254
453.3490435603854 0.3882218403236956
457.38713816198185 0.3859968618913712
461.47194538024456 0.3837719752477538
465.60427815809965 0.3815471814450931
469.78496837322024 0.3793224815537929
474.0148673916388 0.37709787666283023
478.2948466408705 0.37487336788018566
482.6257982033537 0.3726489563332885
487.0086354310539 0.3704246431694728
491.4442935821144 0.36820042955644877
495.9337304804815 0.3659763166827858
500.47792719947455 0.36375230575841305
505.0778887703243 0.3615283980151313
509.7346449167412 0.3593045947071447
514.449250816645 0.3570808971116038
519.2227878922224 0.35485730652916886
524.0563646295565 0.35263382428459
528.9511174291214 0.35041045172730284
533.9082114885067 0.3481871902320458
538.9288417188034 0.3459640411994946
544.0142336961561 0.34374100605691804
549.1656446500659 0.34151808625885344
554.3843644901056 0.3392952832878049
559.6717168728019 0.33707259865496303
565.0290603105237 0.3348500339009487
570.4577893243207 0.33262759059657965
575.9593356427501 0.33040527034366407
581.5351694488481 0.3281830747758192
587.1868006775115 0.32596100555931723
592.9157803656816 0.3237390643939594
598.723702057849 0.32151725301397965
604.6122032695414 0.3192955731889796
610.5829670115976 0.31707402672489343
616.6377233781931 0.31485261546498833
622.7782512017428 0.31263134129089704
629.0063797779856 0.3104102061236892
635.3239906647485 0.3081892119249766
641.7330195580715 0.3059683606980613
648.2354582496115 0.30374765448912106
654.8333566694438 0.3015270953884404
661.5288250186475 0.29930668553168294
668.3240359962917 0.29708642710121186
675.2212271257383 0.2948663223274585
682.2227031854535 0.29264637349034056
689.330838749842 0.2904265829207339
696.5480808459482 0.28820695300199783
703.8769517322279 0.28598748617155956
711.3200518059714 0.28376818492255745
718.8800626463753 0.28154905180554823
726.5597502006924 0.27933008943027826
734.361968121354 0.27711130046752563
742.2896612624714 0.274892687651012
750.3458693446431 0.27267425377939236
758.5337307975984 0.2704560017183214
766.8564867907941 0.2682379344026035
775.317485462769 0.2660200548384307
783.9201863607708 0.2638023661057094
792.6681651029245 0.2615848713604848
801.5651182760569 0.25936757383746306
810.6148685831558 0.2571504768526417
819.821370255426 0.25493358380604714
829.1887147449052 0.252716898184591
838.7211367147406 0.2505004235650468
848.4230203454017 0.24828416361715674
858.2989059764241 0.2460681221068704
868.3534971046389 0.24385230289972976
878.5916677614025 0.24163670996439948
889.01847029292 0.23942134737635848
899.639143569572 0.2372062193217553
910.4591216520341 0.23499133010143972
921.4840429440721 0.23277668413517905
932.7197598641462 0.2305622859660685
944.1723490703862 0.2283481402651493
955.848122276176 0.22613425183624222
967.753637696448 0.2239206256210133
979.8957121679493 0.2217072667042801
992.2814339901332 0.2194941803195783
1004.9181765370847 0.2172813718549972
1017.813612694911 0.21506884685930722
1030.9757301835045 0.21285661104838993
1044.412847826385 0.21064467031199438
1058.1336328376487 0.20843303072083655
1072.147119200839 0.20622169853406347
1086.4627272208832 0.20401068020710617
1101.0902843372226 0.20179998239994326
1116.0400472938572 0.1995896119858047
1131.3227257704525 0.19737957606033982
1146.9495075878256 0.19516988195128468
1162.9320856113134 0.19296053722865567
1179.282686486659 0.19075154971550995
1196.014101355405 0.18854292749930626
1213.139718710359 0.18633467894390998
1230.6735595667503 0.18412681270228387
1248.6303151413065 0.1819193377299138
1267.0253872499084 0.17971226329902137
1285.8749316549258 0.1775055990136159
1305.1959046159639 0.17529935482545153
1325.006112923029 0.1730935410509485
1345.3242677191013 0.17088816838915621
1366.1700424504384 0.1686832479408289
1387.5641353177448 0.16647879122870404
1409.5283366403876 0.16427481021906926
1432.085601589384 0.16207131734472194
1455.260128793784 0.15986832552942667
1479.0774453798551 0.15766584821399252
1503.5644990640992 0.15546389938409613
1528.749757990402 0.15326249359999639
1554.6633190797604 0.15106164602829436
1581.337025749226 0.14886137247590797
1608.8045959563453 0.1466616894264532
1637.101761638402 0.14446261407923244
1666.2664207437683 0.14226416439106326
1696.3388031983984 0.14006635912119209
1727.3616523161686 0.13786921787957473
1759.38042335099 0.13567276117882565
1792.4435011046774 0.1334770104901778
1826.6024387521627 0.13128198830382523
1861.9122203295808 0.12908771819406994
1898.4315496574818 0.12689422488973262
1936.2231688477013 0.12470153435034736
1975.3542099772208 0.12250967384871733
2015.896584015585 0.12031867206047356
2057.9274116763336 0.1181285591613638
2101.529501542299 0.1159393669330775
2146.7918816066162 0.11375112887852251
2193.8103912976744 0.11156388034757482
2242.6883421419225 0.10937765867446458
2293.5372564953022 0.10719250332810261
2346.4776952791794 0.1050084560768364
2401.640187437082 0.10282556116931635
2459.1662759403534 0.10064386553339473
2519.2096976845683 0.09846341899524495
2581.9377176202643 0.09628427452120385
2647.5326410585208 0.0941064884852133
2716.19353241838 0.09193012096515746
2788.1381739056014 0.08975523607190955
2863.605303942551 0.08758190231548457
2942.8571828720314 0.08541019301340994
3026.1825428728525 0.08324018674724865
3113.8999905823002 0.08107196787421288
3206.361945175461 0.07890562710198183
3303.9592123175107 0.07674126213626932
3407.1263164123557 0.07457897841238915
3516.3477411312256 0.07241888992414554
3632.1652629146615 0.07026112016588493
3755.1866061123164 0.0681058032066145
3886.095704474204 0.06595308491885891
4025.6649256198566 0.0638031243895569
4174.769708012863 0.0616560955460509
4334.406180858406 0.05951218903737223
4505.712495862325 0.05737161442000241
4689.994809353371 0.055234602708593684
4888.75913270547 0.053101409366498244
5103.750645031053 0.05097231782929654
5337.002573096935 0.04884764367814836
5590.89744503064 0.0467277396104282
5868.24449852344 0.04461300139519985
6172.378392956826 0.04250387505396011
6507.28632275946 0.04040086557748323
6877.773439839961 0.038304547584244106
7289.680608916922 0.03621557845443442
7750.174645129072 0.03413471465011021
8268.140460413251 0.03206283217723058
8854.718865540048 0.030000952490296606
9524.05634583468 0.027950275631918313
10294.369528450494 0.0259122231101948
11189.487262762508 0.0238884940590216
12241.13564027011 0.02188113977912671
13492.41099821109 0.019892664108407773
15003.212604936836 0.017926160688511574
16859.02442811008 0.015985503855765595
19185.657295862206 0.01407561887693272
22175.10816569705 0.012202871705428458
