time d2_rk
0.0 1.100000000000001
0.5010027207399597 1.0977984294929048
1.0040253186511592 1.0955899015353285
1.5090899167076903 1.0933742129824358
2.0162160220218808 1.0911529201091357
2.5254212404492593 1.0889272474443867
3.036721817125472 1.086698156344049
3.5501330419066526 1.0844664001471618
4.065669551128867 1.0822325682563907
4.583345550541981 1.0799971211890544
5.103174978803709 1.0777604183365308
5.625171626483652 1.0755227398780562
6.149349221999892 1.0732843040346225
6.675721493147366 1.071045280624646
7.20430221073727 1.0688058016949853
7.735105219224109 1.0665659698456615
8.268144457946367 1.0643258647401206
8.803433975660381 1.0620855481907128
9.34098794033525 1.0598450681272038
9.880820645644146 1.0576044616908182
10.422946515191557 1.0553637576444803
10.967380105222482 1.0531229782489335
11.514136106344614 1.0508821407220088
12.06322934463614 1.048641258372889
12.614674782398007 1.046400341483138
13.168487518726298 1.0441593979906014
13.724682790021955 1.041918434019933
14.28327597051297 1.039677454293889
14.844282572835322 1.03743646245199
15.407718248698878 1.0351954612972571
15.973598789651001 1.0329544529871406
16.541940127941814 1.0307134391811759
17.112758337489588 1.0284724211550977
17.686069634941344 1.0262313998889894
18.261890380822127 1.0239903761353184
18.840237080765572 1.0217493504714317
19.42112638681855 1.0195083233400202
20.004575098812726 1.017267295080303
20.590600165796687 1.0150262659520368
21.179218687522972 1.0127852361539924
21.77044791598481 1.010544205838165
22.364305256998403 1.008303175120698
22.960808271827172 1.006062144090268
23.559974678844732 1.0038211128145273
24.16182235523424 1.0015800813450437
24.766369338722143 0.9993390497210851
25.373633829344534 0.9970980179725235
25.983634191245 0.9948569861220558
26.596388954503 0.9926159541869032
27.211916816991923 0.99037492218011
27.83023664626642 0.988133890111541
28.451367481478826 0.9858928579886327
29.075328535324022 0.9836518258169799
29.70213919601328 0.9814107936007724
30.331819029276765 0.9791697613431322
30.964387780394727 0.9769287290463711
31.599865376258 0.974687696712184
32.238271927457646 0.9724466643417978
32.87962773040414 0.970205631936086
33.5239532694768 0.9679645994956503
34.17126921920314 0.9657235670208901
34.82159644646932 0.9634825345120487
35.474956012761545 0.9612415019692508
36.131369176439094 0.9590004693925335
36.79085739503965 0.9567594367818638
37.45344232761693 0.9545184041371584
38.11914583711163 0.9522773714582933
38.787989992755975 0.9500363387451141
39.4599970725123 0.9477953059974432
40.135189565546526 0.945554273215085
40.81359017473686 0.9433132403978285
41.49522181921829 0.9410722075454531
42.18010763696372 0.938831174657727
42.868270987401964 0.9365901417344125
43.559735454073625 0.934349108775265
44.25452484732519 0.9321080757800344
44.95266320704205 0.9298670427484671
45.6541748054213 0.9276260096803035
46.35908414978466 0.9253849765752821
47.0674159854325 0.9231439434331367
47.77919529853941 0.9209029102535987
48.49444731909236 0.9186618770363959
49.213197523871756 0.9164208437812527
49.93547163947641 0.9141798104878911
50.66129564539322 0.9119387771560303
51.39069577711207 0.9096977437853859
52.123698529287005 0.9074567103756714
52.86033065894432 0.9052156769265964
53.60061918873839 0.9029746434378682
54.34459141025609 0.9007336099091915
55.092274887370856 0.8984925763402665
55.84369745964672 0.8962515427307924
56.59888724579394 0.8940105090804639
57.357872647176364 0.8917694753889732
58.12068235137216 0.8895284416560094
58.88734533578822 0.8872874078812579
59.65789087132958 0.8850463740644017
60.43234852612481 0.8828053402051201
61.21074816930823 0.8805643063030895
61.99311997485999 0.8783232723579822
62.77949442550504 0.8760822383694683
63.56990231667238 0.8738412043372135
64.36437476051502 0.8716001702608804
65.16294318999235 0.8693591361401285
65.96563936301571 0.8671181019746133
66.77249536665852 0.8648770677639869
67.58354362143191 0.8626360335078977
68.39881688562728 0.8603949992059909
69.21834825972685 0.8581539648579072
70.0421711908834 0.855912930463284
70.87031947747083 0.8536718960217548
71.70282727370628 0.8514308615329496
72.53972909434576 0.8491898269964938
73.38105981945401 0.8469487924120095
74.2268546992505 0.8447077577791144
75.0771493590327 0.8424667230974223
75.93197980417817 0.8402256883665427
76.79138242522689 0.8379846535860809
77.65539400304534 0.8357436187556384
78.52405171407395 0.8335025838748121
79.39739313565943 0.8312615489431945
80.27545625147344 0.8290205139603738
81.15827945701963 0.8267794789259338
82.04590156523035 0.8245384438394534
82.93836181215481 0.8222974087005074
83.83569986274061 0.8200563735086658
84.73795581671044 0.8178153382634935
85.64517021453533 0.8155743029645514
86.55738404350706 0.813333267611395
87.47463874391092 0.8110922322035747
88.39697621530127 0.8088511967406365
89.32443882288158 0.8066101612221213
90.25706940399132 0.8043691256475641
91.19491127470141 0.8021280900164957
92.1380082365205 0.7998870543284409
93.08640458321466 0.7976460185829196
94.04014510774182 0.7954049827794463
94.99927510930426 0.7931639469175299
95.96384040052071 0.7909229109966734
96.93388731472086 0.7886818750163744
97.90946271336443 0.7864408389761256
98.89061399358776 0.7841998028754124
99.87738909587979 0.7819587667137151
100.86983651189071 0.7797177304905082
101.8680052923755 0.7774766942052598
102.87194505527539 0.775235657857432
103.88170599393972 0.7729946214464806
104.89733888549131 0.7707535849718552
105.9188950993384 0.7685125484329988
106.94642660583557 0.7662715118293478
107.97998598509743 0.7640304751603323
109.01962643596764 0.7617894384253756
110.06540178514689 0.759548401623894
111.1173664964829 0.7573073647552971
112.17557568042578 0.7550663278189876
113.24008510365233 0.7528252908143607
114.31095119886285 0.7505842537408046
115.38823107475385 0.7483432165977003
116.47198252617054 0.7461021793844208
117.5622640444427 0.7438611421003327
118.6591348279084 0.7416201047447938
119.76265479262851 0.7393790673171544
120.87288458329722 0.7371380298167572
121.9898855843516 0.7348969922429369
123.1137199312857 0.7326559545950196
124.2444505221723 0.7304149168723236
125.38214102939806 0.7281738790741586
126.52685591161551 0.7259328411998257
127.67866042591736 0.7236918032486174
128.83762064023767 0.7214507652198174
130.00380344598486 0.7192097271127011
131.17727657091189 0.7169686889265338
132.35810859222806 0.714727650660572
133.54636894995866 0.712486612314063
134.74212796055758 0.7102455738862445
135.9454568307781 0.708004535376345
137.15642767180847 0.7057634967835822
138.3751135136771 0.7035224581071643
139.6015883199344 0.7012814193462897
140.83592700261661 0.6990403805001467
142.0782054374992 0.6967993415679122
143.3285004796444 0.6945583025487536
144.5868899792518 0.6923172634418263
145.85345279781708 0.6900762242462758
147.12826882460706 0.6878351849612359
148.4114189934575 0.6855941455858294
149.70298529990185 0.6833531061191676
151.0030508186381 0.6811120665603492
152.3116997213408 0.6788710269084626
153.6290172948285 0.6766299871625828
154.95508995959216 0.6743889473217731
156.29000528869489 0.6721479073850842
157.63385202705086 0.6699068673515538
158.98672011109227 0.6676658272202075
160.34870068883447 0.6654247869900567
161.71988614034677 0.6631837466601005
163.10037009864104 0.6609427062293235
164.49024747098545 0.6587016656966972
165.8896144606558 0.6564606250611785
167.2985685891334 0.6542195843217105
168.71720871876082 0.6519785434772213
170.1456350758666 0.6497375025266245
171.58394927437018 0.6474964614688189
173.0322543398788 0.6452554203026875
174.4906547342882 0.6430143790270977
175.95925638089935 0.6407733376409018
177.43816669006486 0.6385322961429353
178.92749458537656 0.6362912545320175
180.4273505304088 0.634050212806951
181.93784655603085 0.6318091709665213
183.45909628830293 0.629568129009497
184.99121497696967 0.6273270869346287
186.5343195245669 0.6250860447406493
188.088528516157 0.6228450024262734
189.65396224970777 0.6206039599901972
191.23074276713288 0.6183629174310974
192.81899388600888 0.6161218747476322
194.41884123198759 0.61388083193844
196.0304122719209 0.611639789002139
197.6538363477163 0.6093987459373272
199.2892447109423 0.6071577027425822
200.93677055820334 0.6049166594164599
202.59654906730347 0.6026756159574953
204.26871743422038 0.6004345723642015
205.9534149109106 0.5981935286350688
207.6507828439671 0.5959524847685655
209.36096471415317 0.5937114407631363
211.08410617683467 0.5914703966172022
212.82035510333483 0.589229352329161
214.56986162323713 0.586988307897385
216.3327781676602 0.5847472633202223
218.10925951353187 0.5825062185959952
219.89946282888954 0.5802651737230002
221.70354771923408 0.5780241286995077
223.52167627496652 0.5757830835237606
225.3540131199364 0.5735420381939746
227.20072546113343 0.5713009927083377
229.06198313955298 0.569059947065009
230.93795868226863 0.5668189012621184
232.82882735574415 0.5645778552977666
234.7347672204214 0.5623368091700236
236.65595918661782 0.5600957628769286
238.5925870717721 0.5578547164164896
240.54483765907446 0.555613669786682
242.51290075752243 0.5533726229854488
244.49696926344143 0.5511315760106995
246.49723922351276 0.548890528860309
248.51390989935152 0.5466494815321182
250.54718383368032 0.5444084340239317
252.5972669181437 0.5421673863335182
254.66436846281172 0.539926338458609
256.7487012674215 0.5376852903968983
258.85048169440813 0.535444242146041
260.9699297437772 0.5332031937036532
263.1072691298742 0.5309621450673099
265.2627273601048 0.5287210962345457
267.4365358156672 0.5264800472028532
269.6289298343552 0.524238997969682
271.8401487954931 0.5219979485324376
274.07043620707 0.5197568988884812
276.32003979513553 0.5175158490351284
278.5892115955313 0.5152747989696478
280.8782080480247 0.5130337486892602
283.18729009292167 0.5107926981911382
285.5167232702344 0.5085516474724034
287.8667778214813 0.5063105965301281
290.23772879420443 0.5040695453613315
292.6298561492869 0.5018284939629795
295.04344487115895 0.499587442331984
297.47878508098273 0.497346390465201
299.9361721529125 0.4951053383594302
302.41590683352723 0.4928642860114118
304.9182953645341 0.49062323341782793
307.4436496088535 0.488382180575299
309.9922871801895 0.4861411274803831
312.564531576202 0.483900074129575
315.16071231539655 0.4816590205193039
317.78116507785364 0.47941796664593245
320.426231849924 0.47717691250575517
323.0962610730208 0.4749358580949961
325.7916077966442 0.4726948034098081
328.5126338357803 0.4704537484462707
331.25970793282073 0.4682126932003884
334.03320592415406 0.4659716376680889
336.8335109115895 0.4637305818452211
339.6610134387743 0.46148952572755325
342.5161116727772 0.459248469310771
345.3992115910149 0.45700741259047595
348.3107271737065 0.4547663555621822
351.25108060204553 0.45252529822131565
354.2207024622917 0.45028424056321065
357.22003195598654 0.4480431825831087
360.2495171165112 0.44580212427615573
363.3096150322096 0.44356106563739883
366.4007920763087 0.44132000666178545
369.5235241438826 0.4390789473441594
372.67829689610915 0.4368378876792589
375.865606012086 0.4345968276617134
379.08595744847713 0.4323557672860415
382.3398677072786 0.4301147065466472
385.6278641119983 0.4278736454378175
388.95048509256293 0.425632583953719
392.30828047927207 0.4233915220883951
395.70181180613974 0.42115045983576227
399.13165262397297 0.4189093971896067
402.59838882355405 0.41666833414358123
406.1026189693099 0.41442727069120144
409.6449546438684 0.41218620682584156
413.2260208039145 0.4099451425407316
416.8464561477864 0.40770407782895224
420.5069134952619 0.40546301268343155
424.2080601800109 0.4032219470969403
427.9505784552093 0.40098088106208796
431.7351659128332 0.3987398145713173
435.5625359171714 0.39649874761690124
439.43341805312764 0.3942576801909363
443.348558589899 0.39201661228533835
447.3087209606504 0.38977554389183827
451.3146862588391 0.3875344750019745
455.3672537518547 0.38529340560709
459.46724141269914 0.3830523356983239
463.6154864704342 0.38081126526660797
467.8128459801889 0.378570194302659
472.0601974135322 0.37632912279697206
476.3584392700667 0.37408805073981555
480.70849171114486 0.3718469781212227
485.1112972166386 0.36960590493098555
489.56782126575337 0.3673648311586468
494.0790530429136 0.3651237567934928
498.6460061698118 0.36288268182454525
503.26971946475004 0.3606416062405531
507.95125773047755 0.3584005300299838
512.6917125717705 0.3561594531810152
517.4922032440837 0.3539183756815255
522.3538775346498 0.35167729751908366
527.2779126774856 0.34943621868094105
532.265516303848 0.3471951391540185
537.3179274297316 0.34495405892489855
542.4364174821264 0.3427129779798119
547.6222913658022 0.3404718963046277
552.876888572516 0.33823081388483994
558.201584334608 0.3359897307055567
563.5977908250884 0.3337486467514855
569.0669584064013 0.331507562006921
574.6105769301965 0.3292664764557301
580.230177090547 0.32702539008133813
585.9273318332029 0.324784302866713
591.7036578236017 0.32254321479434916
597.5608169765121 0.3203021258462522
603.5005180503612 0.31806103600391955
609.5245183094424 0.3158199452483254
615.634625257421 0.3135788535598989
621.8326984457088 0.3113377609185068
628.1206513605285 0.3090966673034316
634.5004533926725 0.306855572693352
640.9741318942364 0.30461447706631817
647.5437743268161 0.30237338039973116
654.211530505976 0.3001322826703166
660.9796149470357 0.2978911838541006
667.8503093175694 0.2956500839263827
674.8259650023164 0.2934089828617078
681.909005786559 0.2911678806338381
689.1019306644106 0.28892677721572196
696.4073167788384 0.28668567257946237
703.8278225006985 0.28444456669628365
711.3661906545036 0.2822034595364968
719.0252518991558 0.2799623510694623
726.807928272392 0.2777212412635529
734.7172369082737 0.2754801300861121
742.75629393765 0.2732390175034134
750.928318582203 0.2709979034806146
759.2366374533552 0.26875678798171293
767.6846890681281 0.26651567096949463
776.2760285948073 0.26427455240548486
785.0143328421929 0.2620334322498934
793.9034055071445 0.2597923104615577
802.9471826961494 0.2575511869978839
812.1497387377703 0.255310061814783
821.5152923039933 0.2530689348666059
831.0482128598156 0.2508278061060727
840.753027461779 0.24858667548420013
850.6344279276935 0.24634554295022307
860.6972784013913 0.24410440845151443
870.946623338168 0.24186327193349672
881.3876959384297 0.23962213333955326
892.0259270592072 0.2373809926109304
902.8669546354057 0.23513984968663593
913.9166336451401 0.23289870450333264
925.1810466561909 0.2306575569952226
936.6665149934717 0.22841640709392844
948.3796105706351 0.22617525472836403
960.3271684323245 0.2239340998246004
972.516300057407 0.2216929423057211
984.9544074775778 0.21945178209167068
997.6491982702797 0.2172106190990918
1010.6087014897278 0.21496945324115466
1023.841284605287 0.21272828442737263
1037.3556715222733 0.21048711256340952
1051.1609617667882 0.20824593755087095
1065.266650923236 0.20600475928708467
1079.682652421026 0.2037635776648658
1094.4193207755397 0.20152239257226515
1109.4874763978692 0.19928120389230258
1124.8984320983195 0.19704001150268038
1140.664021420108 0.1947988152754785
1156.7966289524702 0.19255761507682634
1173.3092227863829 0.19031641076655453
1190.2153892917459 0.18807520219781823
1207.5293704120647 0.18583398921669658
1225.266103691895 0.1835927716617597
1243.4412652735405 0.18135154936360673
1262.0713161232507 0.17911032214436648
1281.1735517735049 0.17686908981716168
1300.7661558974328 0.17462785218553237
1320.8682580643517 0.17238660904281244
1341.4999960621149 0.1701453601714595
1362.6825832132865 0.16790410534232855
1384.4383811582975 0.16566284431388936
1406.7909786307926 0.16342157683137695
1429.7652768087466 0.16118030262587382
1453.3875818909037 0.15893902141331195
1477.685705622383 0.15669773289339226
1502.6890745774901 0.15445643674840678
1528.4288491029188 0.15221513264196065
1554.9380529327264 0.14997382021757577
1582.2517146091998 0.14773249909717048
1610.4070219837065 0.1454911688793981
1639.443491231238 0.1432498291378286
1669.4031519947712 0.14100847941895905
1700.3307504847064 0.13876711924002946
1732.2739725984882 0.136525748086626
1765.2836894016598 0.13428436541004227
1799.4142276297728 0.13204297062437473
1834.7236682384578 0.12980156310331517
1871.2741764548837 0.12756014217660802
1909.1323672786473 0.1253187071261258
1948.3697109558927 0.12307725718151889
1989.0629836227677 0.12083579151537978
2031.2947691008803 0.11859430923786139
2075.1540187507585 0.11635280939067492
2120.736677376121 0.11411129094037939
2168.1463844546815 0.1118697527708696
2217.4952614910153 0.10962819367494057
2268.904798092316 0.10738661234480167
2322.5068515207827 0.1051450073613765
2378.444777051605 0.10290337718221056
2436.874709558451 0.10066172012776446
2497.967020476147 0.09842003436584108
2561.907978802224 0.09617831789383789
2628.9016502817317 0.0939365685184667
2699.1720756122195 0.09169478383250637
2772.965776711335 0.08945296118806809
2850.5546501982208 0.0872110976657518
2932.239319756277 0.0849691900389321
3018.353034622042 0.08272723473225772
3109.2662209402324 0.08048522777323494
3205.391817263122 0.07824316473551805
3307.191556548736 0.07600104067219492
3415.183396620218 0.07375885003695229
3529.9503518761844 0.07151658659046628
3652.1510447347923 0.06927424328868964
3782.5323808510857 0.06703181214880974
3921.9448644754452 0.06478928408749714
4071.361219073008 0.06254664872452173
4231.899177121634 0.060303894142765636
4404.8495712994745 0.05806100659291102
4591.711225172835 0.05581797012732497
4794.234646152364 0.05357476614252417
5014.477228004665 0.05133137280242936
5254.873666676923 0.049087764304545596
5518.326722700811 0.04684390993679394
5808.325545970693 0.044599772851868856
6129.101863918479 0.0423553084552639
6485.83898965316 0.040110462257082945
6884.955775432664 0.03786516696741122
7334.498925669489 0.03561933850527537
7844.695309023341 0.033372870415867555
8428.746166146431 0.031125625903140084
9103.996948555083 0.028877426199239397
9893.708580361194 0.026628033144511943
10829.826284525216 0.024377122316101296
11957.472797817882 0.022124240169568085
13342.570804290992 0.01986873473549366
15085.35509009088 0.017609794294765897
17320.657677789997 0.015368931420043249
17385.538112717266 0.015343212172700961
654.1588614909169 0.40861634036537703
288.32850087513526 0.9289751071677658
209.45552828468868 1.2814175982750617
165.29529461144676 1.6270880585694247
136.84407449224094 1.9693947363082989
116.91569195857504 2.3097840458890904
102.15262965927128 2.6489773283623017
90.76531430603366 2.9873746603880296
81.70898456678903 3.325215720652019
74.33136972264629 3.662652807500392
68.20362653888586 3.9997873110818367
63.031953419221544 4.33668933250357
58.60818234731102 4.67340888302718
54.780629417447294 5.0099825963772044
